- 41 41 25 19 15
+ 41 37 36 37 36
- 47 3 25
- 29 2 2 2 11 19 11 19 21 2 2 11 19 2 2 11 19
+ 47 25 27 48 9 9 46 21 24 39 15
- 43 48 7 17 44 8
+ 44 35
+ 5 2 7 17 22 15 29 43 2 7 15 32 15 43 2 21 28 8
+ 47 33 25 9 8
+ 29
- 13 30 40 29 5
+ 44 35
- 17 0 30 15 32 15 29 29 43 2 7 15 32 22 15 44 32 22 15 5 32 15 43
- 17 21 19 31 10 37 21 8 38 41 21
- 9 9 41 38 4
- 3 23 5
- 28 17 48 0 30 15
- 26 44 14
- 17 19 43 5
+ 17 43 48 30 19 46 21 47 41 4 41 4 19 17
- 42 43 48 9 46 13 9
+ 44 35
+ 29 2 11 19 2
- 7 45 31
- 20 47 18 10 2
- 44 26 46 0 44 35
- 9 5 2 43 48 17 7 0 30 15
- 17 7 17 20
+ 30 43 9 46 21 44 21 44
+ 9 9 46 21 8 9 46 13 9 46 13 9 46 13 9 17 33 2
+ 9 9 46 13 9 46 21 47 41 4 43 9 15
+ 47 18 41 6 2
- 17 7 0 30 38 21 16 32
- 36
+ 30 41 4 41 4 43 9 46 13 9 46 13 9 46 13 9
+ 44 35
+ 47 18 5 27 23 9 46 16 34 41
- 30 43 9 46 21 21 44 46 21 24 39 46 21 17 15
- 30 30 43 9 46 21 19 44 42 13 9 46
- 4 4 47
- 17 43 48 29 2 2 2 2 18 2 11 30 30 19 11 19 2 2 11
+ 29
+ 47 18 31 0 14 37 36 28 0 13
+ 44 26 0 9 9
- 5 15 41 30
+ 5 32 15 29 6 15 32 22 8
- 29 11 19 11 12 47 30 19 10 12 2
- 41 28
+ 47 25 27 48 47 17 37 36 38 31
+ 17 21 28 38 21 40 40 40 40 40 40
- 38 15 28
+ 29
- 2 7 30 15 32 22 15 43 2 30 43 48 44
- 44 48
+ 17 43 48 30 43 9 46 21 24 39
- 9 0 9 46 21 24 10 44
+ 17 21 8 38 40 40 21 40 40
+ 30 41 3 43 9 15
- 15 42 49 10
+ 5 32 22 22 15 6 17 22 8
- 4 4 47
- 25 27 30 41 11 7 1 38 19
- 14 28 44
+ 29 2 11 30 30 19 2 11 30 30
+ 47 33 25 23 23
+ 30 19
+ 5 2 5 8 38 40 40 40 21
+ 17 43 48 17 21 19 24 38 40 40 40 40 21 40 40
- 47 11 38 16 12
- 16 22
+ 47 18 31 14 14 37 36 37
+ 30 41 11 41 4 19 15
+ 9 9 46 21 44 21 8 9 15
+ 29
+ 47 17 37 36 37 36 28 5
- 30 41 11 43 42 17
- 47 11 38 16 12
- 1 15 49 35 10
- 9 9 4 21 44 13 9
+ 44 26 0 5 2 43 48 47 25 49
+ 44 35
- 39 3 25 35
- 21 25 44
- 4 30 43 9 41
- 41 43 34 14
+ 17 5 19 29 2 5 19
+ 5 2 5 31 8
- 0
- 30 19 7 15
- 40 13 10
- 19 21 32
- 24 44 11 9 24 9 17 33
- 5 32 22 43 22 8
+ 47 33 27
+ 41 38 9 40
+ 44 35
- 30 41 3 48 19
+ 44 35
+ 29
+ 5 32 15 29 6 31 42 31 42 0 30 0 30 0 30 15 32 15 43 32 22 22 8
+ 47 33 27 9 41 46 40 45
- 35 41 3 19 46 13 9 15
+ 17 43 48 44 24 9 46 21 44 13 9
- 5 2 5 19 18 47 21
+ 30 41 11 43 9 17 33 2
+ 44 26 0 29 2 2 2 2 11 19 2 2 2 11 19 11 30 19 11 30 19 11 19 11 30 19
+ 30 43 9 17 33 33 33 33
- 9 40 35 17 15
+ 30 19
- 44 26 36 2 43 48 47 17 37 36
+ 17 5 19 46 11 37
- 13 30 40 29 5
- 43 25 49 9 32
+ 5 2 5 31
+ 44 35
- 44 26 28 43 37 15
+ 30 41 4 41 4 19
- 22 26 0 29
- 29 11 48 2 32 2
- 47 44 24 9
- 17 11 5 32
- 32 26 38 44
- 30 9 28 15
- 17 19 17 9 21 33 33
- 36 9 49 9 15
+ 17 7 0 30 31 42 15 2 43 48 47
- 41 44 37 36 38 29
+ 47 33 25 23 9 34 27 9 34
+ 29 11 19 2 2 11
+ 29 2 11 30 30 19 2 11 30 30
- 37 0 37 38 12
- 9 9 46 16 13 9 46 21 17 46 12 24 39 46 21 17 15
+ 30 19
+ 5 32 15 43 32 22 15 44 26 32 15 45 7 15
- 28 14 2 38 29 13
+ 44 35
- 43 33 41 27 23
- 10 41 28 14 10
- 49 41 8 31
- 4 41 44 28 7 0 13
- 47 32 12 44
- 41 5 2
- 17 24 7
+ 17 5 26 2 21 26 32 8
- 30 34 9 17 33 33 33 33 33
+ 47 17 37 36 28 35 35 35 14 14 37 36
+ 5 32 15 29 6 15 32 22 8
- 3 35
+ 30 19
- 23 11 6 3
+ 44 35
+ 47 17 37 36 28 3
- 45 31 35
+ 17 7 31 42 17 8
+ 9 9 46 13 9 46 13 9
+ 30 19 46 21 8 9 46 13 9 17 33 2
+ 44 24 9 46 21 47 41 3 19 15
- 29 2 11 19 35
+ 44 26 0 29 2 11 30 30
+ 44 26 0 41 37 36 37
- 17 42 32 7
- 7 45 31
+ 17 5 26 32 15 29 45 5 31 38 21
- 47 20 33 25
+ 41 38 9 40
- 9 46 24
- 17 2
- 30 1 43 9
- 38 1 40
- 9 30
+ 44 26 0 30 19 46
+ 17 7 31 42 15 32 22 8
+ 9 9 46 21 47 43 9 17 2
+ 44 35
- 30 39 32 9
+ 44 26 0 9 9 46 21 17
+ 44 35
- 39 28
- 17 38 14 37 36
- 47 25 17 21 26 32 22 22 22 15 2 7 31 42 31 42
- 30 43 21 9 24 17 3 2
- 27 10
+ 29
- 44 45 46 39 8 9
- 12 30 43 9 33 2
+ 47 33 25 23 9 41 46
- 17 26 2 43 48 29 2 2 45 33 30 30 30 19 2 7
+ 47 17 28 0 13
- 24 20
- 9 33
- 14 47 5 43 9
+ 17 43 48 17 21 28 38 40 21 40 40 40 40
- 31 18 35
+ 29
+ 41 37 36 37 36
- 17 43 8 10
+ 5 32 15 44 28 38 40 40 40 40 21
- 44 15 24 46 21 47 43 9 28 21 4 8 9 15
- 47 17 37 36 38 14 28 0 14 4 37 36 38 9 12
+ 29
- 18 37 30 15
- 6 4 39 47
+ 17 7 0 30 31 42 17 15 6 31 42 31 42 17 22 22 22 8
+ 41 28 35 0 14 38 35 40
+ 44 35
- 44 26 9 20 9 15
+ 5 2 43 48 47 33 27 23
+ 47 17 28 0 14 38 35 12
+ 5 32 22 15 43 2 21 26 2 5 31 8
+ 17 7 0 30 15 32 15 43 2 43 48 9 9 46 13 9 46 21 44 21 8 9 17 2
- 46 2 17
- 29 2 42 2
+ 9 9 46 13 9 46 13 9 46 21 8 9 17 2
- 5 15 41 30
+ 29 11 19 11 19 2 11 19
+ 17 7 0 30 31 42 15 32 15
+ 30 41 3 43 9 46 13 9 46 21 17 46 13 9 46 13 9 17 2
- 41 11 43 9
- 2 33 14 19 31
- 41 36
+ 47 33 27 23 9 8 25 9 4 2 46
+ 5 2 5 26 2 7 31 42 17 15 29 29
- 30 9 2 2
- 5 2 44 43 5 45 48 35
- 8 47 33 25 9 8 27 7
- 30 19 17 39 33 2
- 20 17 42 8
- 38 44 22 40
- 17 15
+ 5 2 7 17 22 15 29 43 2 7 15 32 15 43 2 21 28 8
+ 29
- 41 38 44 20
+ 29
- 4 43 9 18 13 20
- 17 7 0 31 30 15 2 5 3 28
- 35 32 36 9 46
+ 5 32 15 6 17 22 15 6 31 42 0 30 0 30 0 30 31 42 17 22 15 29 29 43 2 7 15 32 22 15 45 7 15 32 15 45 5 8 8
+ 47 19
- 21 47 31 8
- 47 17 16 5 37 36 38 31
+ 44 35
- 36
- 41 37 2 36 17
- 31 5 14 2 21 11 28 38 21 40 40 40 40 40 40
- 9 34 9 15
+ 5 32 22 15 29 44 8
+ 17 7 31 42 17 22 22 15 29 45 21 26 2 21 19 21 28 38 40 21
+ 41 38 9 40
+ 41 37 36 28 14 14 38 35 12
- 21 30 0 41 37
+ 29
+ 47 18 41
+ 47 19 37 36 38 6
- 44 26 46 0 44 35
- 43 9 39 40 21 28 8 9 46 21 47 43 9
- 30 43 24 47 8 46 38 4 9 17 2
- 48 8 41
- 15 35
+ 41 37 36 37 36
- 43 32 29 2 31 36 2 2 11
+ 17 7 17 15 29
+ 44 35
- 44 17 43 48 5 2 33 28 41
- 30 5 34 45 9 15
- 4 25
- 9 33
- 47 17 9 1 38
+ 30 41 11 43 9 17 33 2
- 26 36 46
- 47 25 49 25 9 41 46 40
+ 29 2 2 11 30 30
- 34 8 44 24 36 9 46 21 24 39
- 47 31 38
+ 47 18 27 38 44 40
+ 5 2 43 48 47 18 5
- 46 42
- 41 37 36 46 38 25 29
+ 30 19
+ 41 28 0 14 37 36 38 31
+ 47 25 23 47 33 25 9 34
+ 29
- 47 27 23 23 9 6 44 46 40 45 40 47 45
- 27 9 2 46
- 9 9 46 13 9 46 13 9 46 13 9 48 33 2
- 42 41 33 6
- 5 2 21 11
- 11 33 22 9
- 20 5 2 5 19 48 7 0 30
- 29 11 19 2 11 30 19 11 19 11 30 19 11 11 30 19
+ 17 7 31 42
- 29 29 11 40 19 2 11 30 45 30 19 11 19 11 19 2 11 2 30 30 30
+ 47 18 31 35 5
+ 44 35
+ 17 43 48 17 43 48 41 28 5
- 44 23 43 9 2
- 26 36 29 31
+ 17 43 48 30 43 9 46 21 24 39
+ 5 32 22 15 29 45 43 48 30 19 15
+ 44 26 0 9 9
+ 41 37 36 37 36 28 0 13
- 41 37 5
- 47 18 26 2 46 45 40 45
+ 47 18 31 14 13
- 29 44 9 18 28 15
+ 17 5 8 8
+ 29
- 36 41 35 35 3
- 5 33
- 35 41 10 38 31
- 47 16 17 3 38 9 19 40
- 41 36 28 0 14 38 9 40
- 45 31 35
+ 47 33 25 23
+ 29 11 19 2 2 2
+ 47 19
+ 41 28 0 14
+ 47 33 25 9 16 45 23 23
+ 29 2 2 11 19 11 19 2 2
- 29 5 2 2 2 2 2 2 11
- 9 40 35 17 15
- 6
- 9 5 2 43 48 17 7 0 30 15
- 38 9 7 12
- 17 21 19 18 36 13 38 21
- 26 1
- 47 28 25
+ 47 33 27 9 34 25 9 8 27 9 16 45
- 47 28 23 17 5 31 38 21 40
+ 17 7 31 42 31 42
+ 17 5 8
- 47 24 18 31 3
+ 30 41 11 41 3 41 4 41 4 19 17 2
+ 5 2 5 31 8
+ 17 43 48 30 19 15
- 9 17 2
+ 5 32 15 44 28 38 40 40 40 40 21
- 39 3 25 35
- 5 2 21 8 38 40 24 40 40 40 40
- 41 28 45 35 35 0 13
- 41 5
- 41 27 24 16 47 40
- 29 40 17 23 20 22
+ 9 9 46 21 47 19 15
+ 17 7 17 22 15 44 31 38 40 40 21
- 47 25 20
+ 5 2 7 15 2 21 8 8
- 47 16 17 3 38 9 19 40
+ 47 33 27 9 8 27 23
- 29 49 30 30
- 22 5 49 45
+ 29
+ 17 43 48 30 19 15
- 32 9 20 26
- 17 48 29 11 30
+ 47 18 5 27 23 9 46 16 34 41
+ 47 17 38 29 14 37 36 37 36
+ 41 28 0 14 37 36 38 31
- 47 33 25 23 9 43 46 41 46
- 26 1
- 44 43 9 10 46 13 9 33
- 34 13 10 41
- 46 37 39 5 17 49 2
- 17 38 14 37 36
- 24 42 9 49
- 44 24 9 30 47 19
+ 30 19 17 33 33
- 29 2 2 2 2 11 9 30
+ 44 26 0 5 2 21 26
- 47 17 16 5 37 36 38 31
- 29 41 3 43 48 17 2
- 5 42
+ 17 5 19 48 7 31 42 15 32 8
- 31 24 44 13
- 34 18 36
- 44 43 9 10 46 13 9 33
- 37 29
+ 30 19
+ 44 26 0 5 2 21 26
- 33 0 30 43 9 4 7
+ 47 18 26 2 46 40 45
+ 47 33 25 9
+ 17 7 31 42
- 47 27 47 45 38 9 40
+ 17 43 48 29 11 30 19 2
- 30 41 3 43 20 13 9 46 21 8 23 9 46 21 44 21 44 13 15
+ 44 35
+ 41 37 36 28 0 14 38 9 40
- 44 26 28 43 37 15
- 14 16 6
- 0
- 21 27 9
- 49 41 8 31
+ 17 5 19 31 45
+ 17 43 48 17 7 31 42 31 42 31 42 31 42 0 30 0 30 0 30 31 42 17 15 43 2 5 19 29 2 21 31 8
+ 29
- 12 30 43 9 33 2
+ 30 41 11 43 9 46 13 9 46 13 9 46 13 9 17 33 33
- 34 5
- 40 15 32
+ 30 41 11 41 3 41 3 41 11 41 4 19
- 49 5 31
+ 44 35
+ 9 9 17 33
+ 44 35
- 49 35
- 19 4 38 15 6
+ 5 2 21 26 2 43 48 41
+ 44 35
- 41 44 37 36 38 29
- 27 41 0 48 35
+ 5 2 21 26 2 43 48 41
+ 29
+ 5 2 5 31 38 21
+ 47 17 28 0 14 38 9 40
+ 9 9 46 13 9 46 13 9
- 42 11 9
- 5 2 43 48 44 26 0 17 34 48 9 9 17 2
+ 29
- 11
- 47 19 36 28 5
+ 44 35
- 44 24 9 29 17 33 43
- 31 17 43 48 29
- 19 9 46
- 41 11 21 15 17
+ 5 2 7 0 30 31 42 31 42 17 8
+ 30 41 3 43 9 15
+ 47 33 25 23 9 34 27 9 34
+ 44 35
+ 44 35
- 30 6 43 46 13 15
+ 5 2 43 48 9 9 15
- 32 30 13
- 9 9 41 38 4
+ 5 2 21 26 32 15 29 43
- 47 28 25
+ 47 17
+ 29 11 19 11 19 2 11 19 2 2
- 27 35
- 35 9 15
+ 30 41 11 41 11 19 17 33 33 2
- 25 27 30 41 11 7 1 38 19
+ 30 41 3 19 15
- 47 10 38 12 13
+ 44 35
+ 9 9 17 33
+ 47 18 26 2 46 40 45 40 45
+ 29 11 19 11 19 2 11 19
- 9 46 21 21 47 4 41 3 43 9
- 47 45 27 10
- 0 5 2 8
+ 47 17
- 8 38
- 17 7 17 20
- 9 27 17 2
- 12 2 6 2 2
- 13 32 8 47
+ 44 35
- 17 30 43 9 15
- 5 32 39 15 6 15 2 21 39 26
- 47 3 25
+ 29 11 30 30 30
+ 5 2 5 31 8
- 15 6
- 31 18
- 29 11 19 11 19 32 2 2 2 11
+ 29 11 19 2
+ 29 2 2 11 30 19 11 19 2 11 19 2 11 30 19 11 19 11
- 8 24 8
+ 30 41 11 41 3 41 4 41 4 19 17 2
- 5 2 14 17 8 8
+ 29
- 2 5 23 32 15 43 32 40 45 48
+ 30 41 4 43 9 17 33 33 2
- 34 23 31
+ 29
+ 17 21 26 2 7 0 30 0 30 0 30 15 32 22 15
+ 44 35
- 17 21 19 18 31 31 21 40 40
- 1 15 49 35 10
+ 47 33 27 9 34 25 9 8 27 9 16 45
+ 44 35
- 44 24 9 8 21 24 39 46 13 9 40 17 2
+ 17 21 26 2 43 48
+ 44 35
- 32
- 23 11 6 3
- 6 41 13 38
- 9 9 47 17 33 33
+ 29 2 2 2 2 2 11 19 11 30 30 30 30 30 30 30
+ 44 26 0 47 19 37 36 38 6
+ 47 25 23 47 33 25 9 34
+ 47 33 27 23 9 8 27 9 16
+ 29 11 19 2 2 2
- 30 32 43 9 17 33 33
- 16 47 28 9
- 29 11 9 30 19 0 2 2 11
- 48 41 31 41
- 5 2 5 38 40 40 40 40 28 40
- 40 15 32
- 44 26 29
- 10 16 9
+ 5 2 7 0 30 0 30
+ 44 26 0 17 5 28 8
+ 5 2 5 19 17 7 31 42 17 8
+ 17 5 8
+ 47 18 31 0 14 37 36 28 0 13
- 18 2 23 47 15
- 11 10
- 8 26 9
+ 29 11 19 11 30 19 11 30 19
- 41 27 24 16 47 40
- 5 15 44 19 46
+ 47 25 23 17 7 0 30
+ 47 18 27 38 44 40
- 30 43 21 9 24 17 3 2
+ 5 32 22 15 43 32 8
+ 30 41 4 43 9 17 33 2
- 29 2 11 19 35
- 15 35
- 40 17
- 47 17 37 36 38 14 28 0 14 4 37 36 38 9 12
- 30 19 7 15
- 9 9 46 16 13 9 46 21 17 46 12 24 39 46 21 17 15
+ 44 35
- 9 39 49 2
+ 29 11 19 11 19 11 19 2 2
- 32 31 49
- 41 38 13
- 2
- 5 32 15 29 42 44 28
- 0
+ 5 32 15 29 43 2 7 17 8
- 44 5 48 8
- 5 2 5 19 18 47 21
- 4 41 44 28 7 0 13
- 47 7 19
- 9 14 9 31 17
+ 17 7 31 42 17 22 22 15 29 45 21 26 2 21 19 21 28 38 40 21
- 30 41 19 46 15 9 46 13 9 17 2
+ 47 19 37 36 28 3
- 29 11 30 30 19 2 2 11 19 7 11 1
+ 5 32 22 15 44 19 24 38 40 21
+ 44 35
- 5 5 31 24 8
+ 30 41 3 41 11 43 9 15
- 31
- 4 31 36 38 31
- 29 11 45 30 19 11 30 30 30 30 19
- 5 10
- 5 2 26 32 22 8
+ 17 43 48 5 32 22 8
- 33 46 23 9 8 25 30 23 23
+ 5 32 15 6 17 22 15 6 31 42 0 30 0 30 0 30 31 42 17 22 15 29 29 43 2 7 15 32 22 15 45 7 15 32 15 45 5 8 8
+ 5 32 15 6 17 22 15 45 7 17 15 29 6 17 8
+ 17 5 26 32 15 29 6 15 32 15 45 7
- 5 32 15 29 42 44 28
- 31
- 35 9 15
- 30 19 19 2
- 13 21 29 44 11
+ 47 17 38 29 13
+ 5 2 43 48 41 28 14 13
- 15 24 10
- 17 7 17 15 29 43 32 1 32 15 43 2 43 48 29 2
- 29 2 30 19 11 19 2 11 19 2 11 15 19 21 19 11 19 2 2
- 14 28 44
+ 5 32 22 22 15 29 29 45 21 19
+ 5 2 7 0 30 15 32 8
- 26 10
+ 29
+ 47 33 25 9
+ 17 43 48 17 43 48 30 19
- 30 41 4 47 9 46 21 24 39 15
+ 47 19 38 29 14 38 16 40
- 21 25 44
- 17 2
- 40 11 35
+ 29
- 21 19
+ 44 35
- 16 39
- 29 30
+ 47 18 27 38 31
- 23 2 0 40 8
+ 44 26 0 44 26 0 44 26 0 17 7 0 30 31 42 31 42
+ 29
+ 5 32 15 29 43 2 7 17 8
- 9 34 8
- 29 5 2 2 2 2 2 2 11
- 44 23 43 9 2
+ 41 28 0 14
- 36
- 9 11 19 26 47
+ 47 17 38 16 12
- 42 9 9 1
+ 47 25 27 48 41 28 14
+ 44 26 0 17 7 15 32 8
- 4 30 5
- 47 18 41 41 42 46 40 45 40 45 40 45 40 45 40 45
- 5 26 32 22 15 45 43 48 47 25 27 48 10
- 24 42 9 49
+ 17 7 15 2 7 0 30 0 30 15 2 5 28 38 21
+ 41 38 29 14 37 36 37 36 37 36 37 36 37 36 37 36 28 35 5
+ 44 35
+ 9 9 17 33
+ 47 25 27 48 17 43 48 41 37 36 38 6
- 30 19 9 15
- 41 5 2
+ 30 41 11 43 9 46 13 9 46 13 9 46 13 9 17 33 33
- 9 9 46 21 20 44 13 4 9
- 17 7 0 30 38 21 16 32
+ 30 41 11 43 9 17
+ 30 19
+ 17 5 31 38 40 21 40 40 40 40 40
- 5 2 43 48 44 26 0 17 34 48 9 9 17 2
- 29 11 30 30 22 30 19 2 11 19
+ 17 43 48 17 21 28 8
- 49 25
+ 5 32 22 15
+ 29 2 11 19 2
- 36 28 5
+ 5 32 22 22 15 29 29 45 21 19
+ 29 2 11 30 30 19 2 11 19 11
+ 17 21 19 46 25 6 20
- 17 7 31 42 48 6
+ 5 32 15 43 2 21 45
- 24 21 10
- 16 17 43 2 15
+ 29
- 41 37 36 37 36 37 46
- 29 40 17 23 20 22
- 4 30 5
- 20 5 2 5 19 48 7 0 30
+ 44 26 0 44 26 0 44 26 0 17 7 0 30 31 42 31 42
- 7 9 15
- 29 2 2 2 11 19 2 2 11 33 2
- 41 36 45 5
- 40 46
+ 17 43 48 5 32 22 8
- 4 31 36 38 31
- 30 41 19 4 19 26 9 15
+ 47 17 28 3
- 47 18 41 41 42 46 40 45 40 45 40 45 40 45 40 45
- 46 2 26 11 19
+ 44 26 0 9 9 46 21 24 39 15
+ 29 2 2 11 19 11 30
- 17 15
- 44 26 0 41 25 35 14 13
+ 5 32 15 6 0 30 17 22 22 8
+ 29 11 30 19 2 11 30
+ 17 21 26 2 43 48
+ 44 35
- 4 36
+ 47 18 31 14 14
+ 5 32 15 45 5 26 32 8
+ 30 41 11 41 11 19 17 33 33 2
+ 30 41 4 43 9 46 21 24 39 46
- 10 20
- 9 9 4 21 44 13 9
- 41 43 34 14
+ 5 32 22 15 44 31 38 21
+ 44 35
- 22 5 49 45
+ 41 37 36 28 14 14 38 35 12
+ 17 5 26 2 21 26 32 8
- 47 33 27 34 21 34 25 48 25 23
- 30 41 19 4 19 26 9 15
+ 47 17 28 3
+ 17 7 17 15 29
- 5 32 15 45 7 2 39 26 32 22 15 29 29 44 28 38 40 21
- 32
- 41 28
- 17 33 8 33 8
+ 29
- 46 2 26 11 19
- 9 9 46 46 21 47 19 15
- 47 38 16 34
+ 5 2 5 19 48 5 28 38 21 40 40 40 40
- 30 21
- 31 18
+ 5 2 5 19 48 5 28 38 21 40 40 40 40
+ 30 41 11 43 9 17
- 47 25 49 25 9 41 46 40
+ 44 26 0 9 9 46 21 24 39 15
+ 17 43 48 41 37 36 38 29 13
+ 5 32 22 15 44 19 24 38 21 40 40 40 40 40 40 40 40
+ 29 11 19 2 2 2 11 19 2 2 2 11 30 19
- 30 41 3 43 20 13 9 46 21 8 23 9 46 21 44 21 44 13 15
- 41 14 36
- 5 32 15 29 29 29 45 43 48 47 25 27 48 5 5 26 49 7
- 41 5 32 15 2 7 31 42 31 42 31 42 0 30
- 8 38
- 23 41 49
+ 9 9 46 21 47 43 9 17 2
+ 29 11 30 19 11 30 30
- 6
- 21 21 19 2 7
+ 5 2 5 19 17 7 31 42 17 8
+ 5 2 43 48 17 43 48 17 7 15 2 7 15 32 22 8
+ 29 2 2 2 11 30 30 30
- 5 32 15 45 7 2 39 26 32 22 15 29 29 44 28 38 40 21
+ 47 17 28 3
+ 5 2 21 28 38 40 21 40 40 40 40
- 40 32 8
- 13 43 47 33 27 9 1 2 27
- 17 5 42 3 38 5 40
- 1 25 4
- 47 45 27 10
- 9 30 43 9
- 17 5 42 3 38 5 40
+ 41 37 36 38 35 40
- 34 44 26 0 29 2
- 39 5 2 7 5 36 31 42 31 42 17 8
+ 47 17
- 41 38 28
- 43 9 7 9 15
- 24 9 9 46 13
- 12 2 6 2 2
- 5 2 7 0 30 17 12
+ 47 33 27
- 5 5 45
+ 44 35
+ 29 11 19 11 19 2 11 19 2 2
- 9 9 33 16
- 13 43 47 33 27 9 1 2 27
- 17 8 44
+ 44 35
+ 47 17
+ 17 43 48 29 11 30 19 2
- 37 9 5 14 13
- 9 16 17 11
- 42 11 9
- 44 24 9 35 15
+ 30 41 4 41 11 43 9 46 13 9 17
- 32
- 29 2 42 2
- 10 26 0 45 5 8 8
- 16 21 19 37
+ 47 19 37 36 28 3
+ 29 2 2 2 11 30 19 11 30 19
- 32 26 38 44
+ 30 41 3 43 9 46 13 9 17 2
+ 44 35
+ 47 17 28 3
+ 44 26 0 41 37 36 37 36 38 35 40
- 41 3 43 36 2
- 43 17 7 23 33 8
+ 29 11 30 30 30
+ 47 18 26 2 48 34 16 45 23 9 16 34 6 2 48 45 23
+ 9 9 46 13 9 46 13 9 15
+ 44 26 0 17 5 28
- 36
- 17 36 43 49 48 17 43 44 35
- 9 9 46 13 9 46 13 9 46 13 9 48 33 2
- 48 22 44
+ 47 25 49 27 9 1 2 48 45
- 9 29 44
- 5 30 19 46
- 21 21 19 2 7
- 31
+ 47 17
+ 5 2 7 31 42 15 32 22 8
+ 30 41 4 41 4 19
- 47 33 27 34 21 34 25 48 25 23
- 43 48 30 41 11 19
- 11 27 23
+ 5 2 5 31
+ 17 5 26 32 15 29 45 5 31 38 21
+ 5 2 5 26 2 7 31 42 17 15 29 29
- 23 9 17 33 2
+ 47 25 27 48 17 7 15 32 8
- 29 2 2 8 2 2 11 30 19 2 26 41 11 10 11
- 17 43 8 10
- 49 47 33 35 27 9 1 2 48
- 0 9 9 46 21 19
+ 17 43 48 17 43 48 41 28 5
- 31 41 32 42 20 8
- 30 1 43 9
- 30 2 11 19
+ 44 24 9 46 21 47 41 3 19 15
- 15 6
- 30 30 19 45
- 44 26 36 2 43 48 47 17 37 36
+ 44 35
- 23 9 17 33 2
+ 17 43 48 30 41 4 19 17 2
+ 41 38 35 40
- 11
- 16 17 43 2 15
+ 17 43 48 44 24 9 46 21 44 13 9
+ 29
+ 44 35
- 2 10 44 8
- 7 16 31 15
+ 30 19 46 13 9 46 21 44 21 44 13 9 17
- 34 23 44
- 17 48 29 11 30
- 24 21 10
- 6 4 39 47
+ 5 2 5 31 8
+ 5 2 7 0 30 0 30
- 24 39 46 21 44 13 22
+ 5 32 22 15
- 47 17 28 28
- 43 48 30 41 11 19
+ 5 32 22 15 44 31 38 21
+ 44 35
+ 29 11 30 30 19 11 30 30 30 19 11 30 30 19 2
+ 47 33 27
- 33 5 32 22 37 22 15 43 32 8
- 17 28
- 7 21 28
- 9 27 17 2
- 17 21 8 38 40
- 17 7 10 25
+ 47 18 5 27 9 6 2 46 40 45
+ 30 41 4 41 3 43 9 17 33 33 33 2
- 3 9 13 9 15
- 4 25
- 17 43 48 48 44 26 0 47 33 25
- 17 19 33
+ 41 37 36 28 14 14 28 5
+ 47 33 27 23 9 8 27
+ 47 17 28 0 14 38 9 40
- 29 47 11 19 2 2 11 21 19 11 36 19 11
+ 30 41 3 43 9 46 13 9 17 2
+ 30 41 4 41 4 43 9 46 13 9 46 13 9 46 13 9
- 32 47 25 49 25
- 41 37 5
- 47 18 41 46 24 4 40 46 45
- 17 9 15 22 22 22 8
+ 47 19 38 6
- 23 33 15 2 21 31 8
- 11 15 8 41
+ 9 9 17 33
- 25 28 35 0 43 13
- 48 8 41
+ 47 25 27 48 47 17 37 36 38 31
+ 44 35
+ 17 7 0 30 15 2 43 48 9 9 15
+ 30 41 11 43 9 17
- 28 18 41
+ 30 41 3 43 9 17 2
- 43 32 29 2 31 36 2 2 11
- 6 5
+ 5 32 22 22 15 6 17 22 8
+ 9 9 46 13 9 46 21 47 41 11 19 46 13 9
- 44 24 9 8 21 24 39 46 13 9 40 17 2
- 6
- 35 48
+ 17 21 19 46 25 6 20 20 32 32 32
- 17 43 48 5 13 45 22 22 15
+ 29
+ 47 25 23 9 9 46 13 9
- 41 38 28
+ 47 25 23 29 11 30 19 11 30 30 30 30 19 11 19
- 41 5
- 8 2 43
+ 17 5 26 2 7 17 8
+ 44 35
+ 47 19 38 6
- 44 24 9 17 33 47 2
- 9 48 32 18
- 9 30 15
+ 29 11 30 30 19 2 11 19 11 19 11 30 19
+ 29
+ 44 35
+ 9 9 46 21 47 43 9 46 13 9 46
- 44 9 13 21 46
- 17 43 48 5 13 45 22 22 15
- 7 30 32
+ 30 19
- 44 24 9 29 17 33 43
- 44 10 46 46
+ 47 25 23 29 11 30
- 5 2 21 8 38 40 24 40 40 40 40
- 29 7
+ 29
+ 30 41 3 41 11 43 9 15
+ 9 9 46 21 44 21 8 9 15
+ 44 26 0 9 9 46 21 17
+ 5 2 7 15 2 21 19 46 20 32 32 32 32 32 32 32 32 32 32 32 32
+ 17 7 31 42
+ 5 2 21 28
- 44 24 9 30 47 19
- 19 2 30 11 49 30
- 29 11 19 11 19 32 2 2 2 11
- 38 47 25 23 20 43 48 27 33 25
+ 29
- 6
+ 17 5 19 29 2 5 28 38 40 40 40 40 21 40 40 40 40 40
- 34 23 31
+ 5 2 7 31 42 0 30 17 8
- 26 36 46
- 9 11 19 26 47
+ 41 37 36 28 14 14 28 5
+ 47 17 28 0 14 38 35 12
+ 47 25 27 48 44 24 9 17 33
+ 30 41 4 43 9 46 21 24 39 46
- 37 1 8 9
- 2 33 14 19 31
+ 44 26 0 30 19 46
+ 47 19
- 9 2 11 7 31 42 0 30 31 42
+ 17 5 8
+ 17 7 0 30 17 15 43 2 7 31 42 15 32 8
+ 47 18 27 28 5
+ 17 7 31 42
- 49 35
- 48 43 15 28
- 16 11 19
- 36 30 43 25 47 11
- 22 30 19 46 21 44 21 24 39 15
+ 47 17 38 16 12
- 47 28 3
- 5 32 22 43 22 8
- 9 9 46 21 46 13 9 17
- 28 15 46
- 41 32 46
- 6
+ 47 33 27
- 32 31 49
- 25 6 41
- 34 9 9 46 13 9 15
- 26 15
+ 47 25 27 48 44 35
- 7 37 36 38 35 40
- 9 31 41 31 4
+ 30 19
+ 44 35
- 29 29 11 40 19 2 11 30 45 30 19 11 19 11 19 2 11 2 30 30 30
- 17 43 48 19 2
- 33 47 25 42 7 49 27 34
+ 44 26 0 17 5 28 8
- 13 32 19
- 44 26 0 41 25 35 14 13
+ 44 35
+ 9 9 17 33
- 17 21 8 1 38 21
+ 5 32 15 45 21 19 24 8
- 41 37 36 37 36 37 46
+ 30 19
- 6 5
- 4 30 43 9 41
+ 29 11 19 2 11 19 11 30 30 19 2 11 30 19 2
+ 30 19 46 13 9 17 33 33
+ 5 32 15 6 0 30 31 42 31 42 17 15 43 2 21 8 8
+ 29 2 11 19 2 11 19 2
+ 30 41 3 43 9 17 2
- 11 33 22 9
- 17 21 19 31 10 37 21 8 38 41 21
- 5 2 5 2 41 19 31 41
- 38 9 7 12
- 8 24 8
- 41 34 38 29 14 38 16 12
- 0 9 9 46 21 19
+ 41 38 35 40
- 48 43 15 28
- 19 9 16
- 19 5 28 38 40 20 5 4
+ 30 19 46 21 47 19 17 2
+ 44 35
- 5 5 31 24 8
- 30 19 9 15
- 39 43
- 17 19 43 5
+ 5 2 5 31 38 21
- 37 0 37 38 12
+ 30 41 11 41 11 41 4 41 11 43 9 46 13 9 15
- 19 6
- 30 41 11 43 9 21 17
- 17 21 38
- 27 9 2 46
- 24 44 11 9 24 9 17 33
+ 9 9 46 21 17 17 2
+ 41 28 35 0 14 38 35 40
+ 17 5 31 38 40 21 40 40 40 40 40
- 5 2 21 43 0 29
- 45 2
+ 47 18 26 2 46 40 45
+ 17 5 8 8
+ 44 35
+ 47 25 23 17 7 0 30
+ 5 32 15 43 32 15 44 8
+ 44 35
- 2 10 44 8
+ 5 2 21 28 38 40 21 40 40 40 40
- 32
- 5 7 29 5
- 5 26 32 22 15 45 43 48 47 25 27 48 10
+ 44 26 0 17 7 15 2 43 48 5 2 7 17 22 15 43 32 22 8
+ 17 5 8
+ 5 32 15 43 2 7 31 42 15 2 21 19 46
+ 41 37 36 37 36 37
- 28 17 48 0 30 15
- 30 41 2 22 12 46 13 9 46 13 9 27
+ 47 25 27 48 47 33 25 23 9 8
- 21 35 2
- 47 18 41 46 24 4 40 46 45
- 29 2 2 2 11 19 11 19 21 2 2 11 19 2 2 11 19
+ 29 11 19 11 30 30 30 19 11 19
+ 47 19
+ 30 41 3 19 15
- 36 28 5
- 43 9 7 9 15
- 25 5
+ 17 7 15 2 7 31 42 0 30 17 8
- 9 39 49 2
- 19 5 28 38 40 20 5 4
- 29 11 27 30
- 28 14 14
+ 5 32 22 15 29 43 2 7 17 22 8
+ 5 32 15 43 2 21 45
+ 30 41 11 19 15
+ 29 2 2 2 11 30 30 30
- 26 11 30 4
- 30 11 19 34
- 3 5
+ 5 32 22 15 45 21 31 8
- 47 32 12 44
- 5 42
+ 17 21 28 38 21
+ 47 19
- 47 33 25 23 9 43 46 41 46
+ 5 2 5 8 38 40 40 40 21
+ 41 38 9 40
- 17 36 43 49 48 17 43 44 35
+ 30 19
- 30 41 2 22 12 46 13 9 46 13 9 27
- 29 11 19 11 12 47 30 19 10 12 2
+ 17 5 8 8
- 32 9 20 26
- 30 41 11 43 42 17
+ 44 35
- 7 9 15
+ 44 35
- 28 14 2 38 29 13
+ 47 18 41 34 25 23 9 8 27 9 34 27 23 9 34 25 9 1 2
+ 30 41 3 41 3 41 3 43 9 46 21 8 9 15
+ 9 9 46 21 47 19 17 2
+ 30 19
- 41 36 28 0 14 38 9 40
- 17 21 11 31 21 40 24 40 40
- 4 5 2 43 35 41 37
+ 5 32 22 22 22 22 15 45 43 48 10
+ 17 7 31 42 17 8
- 47 17 38 19 35 41
+ 5 32 22 15 29 43 2 7 17 22 8
- 30 6 43 46 13 15
+ 5 32 22 15
+ 17 7 0 30 17 15 43 2 7 31 42 15 32 8
- 17 21 11 31 21 40 24 40 40
- 24 40 8
- 27 10
+ 44 35
+ 29 11 19 2 2 2 11 19 2 2 2 11 30 19
- 34 44 26 0 29 2
+ 17 7 0 30 31 42 17 15 6 31 42 31 42 17 22 22 22 8
- 3 2 19 2
+ 47 25 27 48 17 7 15 32 8
+ 5 2 43 48 9 9 46 13 9 46 21 8 9 17 2
+ 9 9 17 33
+ 41 37 36 38 35 40
- 41 11 21 15 17
+ 47 33 27 23 23 23
+ 17 43 48 41 37 36 38 29 13
+ 41 37 36 37 36 28 5
- 49 25
- 30 43 9 21 47 43 9 46 21 44 21 8 9 15
- 47 7 19
- 14 16 6
- 11
+ 47 18 27 38 31
+ 17 43 48 29 2 2 2 2
+ 44 26 0 17 7 15 32 8
- 30 19 17 39 33 2
- 27 43 15
- 47 8 5
+ 41 38 29 14 37 36 37 36 37 36 37 36 37 36 37 36 28 35 5
+ 29
- 14 44 24 9 15
+ 44 35
- 30 16 26 41 4 43 33 6 9
+ 30 41 3 19 15
- 2 5 23 32 15 43 32 40 45 48
- 5 2 43 48 34 5 26 30 15 43 2 21 31 38 40 40 40 21 17 40 40 40
- 17 43 1 4 41
- 43 41 15
+ 30 19 46 21 8 9 46 13 9 17 33 2
+ 47 19
- 30 9 28 15
+ 5 2 43 48 29 11 30 30 30 19 2 11 19
- 29 47 11 19 2 2 11 21 19 11 36 19 11
- 15 42 49 10
- 9 26 0 29 11 19 2 2 2 2 11 30 30 11 30
+ 5 2 21 19 17 43 48 17 21 19 48 43 48 30 41 4 19 46 13 9 46
+ 47 25 27 48 29 11 19 11 30 30 30 19 11 30 19 11
+ 47 18 26 2 48 45 9 46 4 2 46 40 45 40 45 40 45
- 20 29
- 29 11 30 19 2 11 30 19 10 11 30
+ 30 41 4 41 11 41 3 19 17 2
+ 17 7 31 42 0 30 31 42 15 32 22 8
- 0
- 39 9 17 2
+ 17 7 0 30 31 42 15 2 43 48 47
- 27 5 2 47
+ 30 19 17 33 33
- 44 44 17 26 0 9 9 47
- 48 9 46 17 13 9 46
- 14 34 18 26 2
- 41 38 2
+ 17 7 15 2 7 0 30 0 30 15 2 5 28 38 21
+ 47 18 5 27 9 6 2 46 40 45
- 19 21 32
+ 17 43 48 17 5 19 21 45
- 34 9 9 46 13 9 15
- 26 7 9 6 15
- 47 18 35
+ 29 2 11 30 30 30 30 19 2 2 11
+ 47 33 27 23 9 8 25 9 4 2 46
+ 9 9 46 21 47 43 9 46 13 9 46
- 37 1 8 9
- 41 28 45 35 35 0 13
- 47 28 23 17 5 31 38 21 40
+ 17 43 48 44 26 0 47 25 27 48 30 41 3 41
+ 30 19
- 21 24 9 15
- 45 2
- 48 38 6
- 47 24 18 31 3
+ 17 43 48 29 2 2 2 2
- 41 46 41 35
- 5 2 7 0 30 36 8
+ 30 19 46 13 9 17 33 33
- 47 16 26
- 21 5
- 30 30 43 9 46 21 19 44 42 13 9 46
- 30 48 31 9 7
+ 30 43 9 17 33 33 33 33
+ 17 7 31 42 15 32 22 8
- 46 2 17
- 0 29 11
- 17 8 44
+ 5 32 15 45 21 19 24 8
- 6 14 46 19
- 47 35 47 48 2 11
- 9 31 41 31 4
- 9 9 46 13 46
+ 5 2 7 0 30 15 32 8
- 8 26 9
+ 17 5 26 2 7 0 30 0 30 31 42 15
+ 5 2 43 48 41 28 14 13
- 21 47 31 8
- 26 44 14
- 29 30
- 30 46 21 18
+ 44 35
+ 17 7 0 30 31 42 15 32 15
- 32 0
- 5 2 21 43 0 29
- 23 41 49
- 17 30 43 9 15
- 31
- 7 20 11
- 35 41 3 19 46 13 9 15
+ 41 28 0 14 38 35 40
- 30 2 11 19
- 44 9 13 21 46
- 47 38 16 34
+ 5 2 7 31 42 0 30 17 8
- 17 21 5 8
- 13 32 8 47
+ 17 5 19 48 7 31 42 15 32 8
- 48 9 46 36 9
+ 5 2 43 48 47 18 5
- 41 28
- 2 21 2
+ 44 35
- 40 11 35
+ 44 35
- 2 21 2
- 30 41 3 48 19
- 29 11 9 30 19 0 2 2 11
+ 29 11 19 11 30 30 30 19 2 2 2 11 30 30 19 11 19 11
+ 44 35
- 5 32 15 29 29 29 45 43 48 47 25 27 48 5 5 26 49 7
- 9 9 46 13 10 9 15
- 43 3
+ 29
+ 17 7 31 42 31 42 17 22 22 15 6 0 30 15 2 43 48 9 9 46 13 9 15
+ 47 18 5 25 23 23 9 41 48 45 9 41 46 40 45
- 47 25 17 21 26 32 22 22 22 15 2 7 31 42 31 42
+ 29 11 19 2
- 28 14
- 32 30 13
- 6 47 19 28 0 13
+ 47 17 28 3
+ 29
- 45 9 33
- 34 18 36
- 3 29 11 30 30 41 19
+ 9 9 46 13 9 46 13 9 17 33 33
- 30 43 9 46 49 13 9 24 41 9 17 2
- 41 38 36 34 31
- 17 28 31 2 6 37
- 7 16 31 15
- 5 29 20 11 0 5 2
- 38 14 44 14
+ 47 33 27 23 9 8 27 9 16
- 28 23
- 17 45 21 2 20 0 30 8
- 29 11 19 2 11 30 19 11 19 11 30 19 11 11 30 19
- 44 24 9 16
- 44 26 4 0 10
+ 47 17 28 0 13
+ 9 9 17 33
- 47 10 38 12 13
- 0
+ 5 2 7 17 15 43 32 15 43 32 15 29 43 32 22 15
+ 29
- 31 24 44 13
- 9 14 9 31 17
+ 44 26 0 47 33
- 28 25 7 0 34 30
- 9 48 32 18
+ 5 32 15 43 32 22 15 44 26 32 15 45 7 15
+ 29 11 19 11 30 30 19 11 19 11 30 19 2 11 30 19 11 30 30 19 2
- 47 27 47 45 38 9 40
+ 29 2 11 30 30 19 2 11 30 30 30 30 30 30 30 19
+ 29 11 30 19 11 30 19 2 2 11 19
- 44 5 48 8
- 0
+ 47 33 25 23 9 4 2
- 30 43 9 46 21 21 44 46 21 24 39 46 21 17 15
+ 29 2 11 19 2 11 19 2
- 17 43 26 29 33 11
- 44 26 43 0 9 9 15
+ 47 33 25 23
+ 5 32 22 15 44 19 24 38 40 21
- 41 37 2 36 17
+ 30 41 3 19 15
- 44 26 29
- 41 37 36 46 38 25 29
+ 17 43 48 17 21 19 24 38 40 40 40 40 21 40 40
+ 29 11 30 19 2 11 30
- 44 48
+ 29 11 30 19 11 30 19
- 29 6 17
+ 44 35
+ 29 11 19 11 30 19 11 30 19
- 17 24 7
+ 29
- 20 29
+ 5 2 21 26 32 15 29 43
- 32 47 25 49 25
+ 47 25 23 9 9 46 13 9
+ 5 32 15 6 17 22 15 45 7 17 15 29 6 17 8
- 44 15 24 46 21 47 43 9 28 21 4 8 9 15
+ 47 19
- 30 39 32 9
- 36
- 44 44 17 26 0 9 9 47
- 44 24 9 17 33 47 2
- 9 16 17 11
- 9 9 46 21 17 37 47 23
+ 5 32 22 15 45 21 31 8
+ 5 2 43 48 9 9 15
+ 17 21 26 2 7 0 30 0 30 0 30 15 32 22 15
- 24 39 46 21 44 13 22
- 47 18 26 2 46 1 45 40
- 36
+ 41 28 0 14 37 36 38 29 14
- 46 37 39 5 17 49 2
- 9 9 46 21 46 13 9 17
- 47 19 38 12
- 29 2 2 48 2 2 17 11
- 5 32 39 15 6 15 2 21 39 26
+ 5 32 22 15 43 32 8
- 30 41 4 47 9 46 21 24 39 15
- 33 46 23 9 8 25 30 23 23
- 47 25 23 41 30 28 0 14 38 44 12
- 6 47 19 28 0 13
+ 47 18 41 34 25 23 9 8 27 9 34 27 23 9 34 25 9 1 2
- 17 7 44 5 15 30
+ 44 35
- 34 29 8
- 44 26 4 0 30 43 9
+ 29
- 41 39 29
- 9 46 24
+ 47 18 31 35 5
- 29 6 17
+ 9 9 46 13 9 46 21 47 41 11 19 46 13 9
- 17 32 33 7
+ 30 41 4 43 9 17 33 2
- 14 44 24 9 15
+ 29 11 19 2 2 2 2 2 11 19 11
+ 17 7 0 30 31 42 31 42 0 30 15 32 22 8
- 30 41 19 46 15 9 46 13 9 17 2
+ 29
+ 47 33 27 23 9 8 27
+ 44 26 0 47 33
- 3 35
- 25 2 2
- 47 26 26 2 41 40 45
- 1 47 18
+ 17 5 26 32 15 29 6 15 32 15 45 7
- 37 36 38 14 38 6
- 41 39 29
- 29 24 2 2
+ 29 2 2 2 2 2 11 19 11 30 30 30 30 30 30 30
- 19 4 38 15 6
- 40 12
+ 30 43 9 46 21 47 43 9 46 21 17 17 2
+ 17 43 48 41 37 36 28 0 14
+ 5 32 15 6 0 30 17 22 22 8
- 11 30 33
- 32 22 22 22 22 8
- 30 9 2 2
+ 44 26 0 9 9
+ 44 35
- 21 18 10
- 22 30 19 46 21 44 21 24 39 15
+ 5 32 15 45 43 48 5 32 15 45 7 15 32 8
- 44 26 4 0 10
- 40 4 12
+ 17 43 48 30 43 9 17 2
+ 41 37 36 28 0 14 38 9 40
- 30 33 4 41
- 41 3
+ 29 2 11 30 19 11 30 19
- 43 30 43 9 4 2
+ 41 38 29 14 37 36 37 36 38 35 40
+ 29 11 30 19 11 30 19
+ 29 2 11 30 30 30 30 19 2 2 11
+ 29 11 19 11 19 2 2
- 47 17 38 19 35 41
+ 47 33 27 9 46 8
- 49 22 17 7 28 0 30 0 30 17 8
- 5 2 5 2 41 19 31 41
+ 47 33 25 23 9 4 2
- 38 15 28
+ 5 32 22 15 44 19 24 38 21 40 40 40 40 40 40 40 40
- 2 7 30 15 32 22 15 43 2 30 43 48 44
+ 47 25 27 48 44 35
+ 47 25 23 17 21 45
+ 44 26 0 29 2 2 2 2 11 19 2 2 2 11 19 11 30 19 11 30 19 11 19 11 30 19
- 17 45 21 2 20 0 30 8
+ 5 2 21 28
- 48 30 43 15
- 30 17 33 2
- 37 21 35
- 29 34 1
- 48 9 46 36 9
- 47 18 26 2 46 1 45 40
- 19 2 30 11 49 30
+ 47 18 26 2 48 45 9 46 4 2 46 40 45 40 45 40 45
+ 29
- 17 21 8 1 38 21
- 21 27 9
+ 17 43 48 30 19 15
+ 5 2 21 28 38 21 40
- 9 30
- 6 41 47 20 7 12
+ 17 21 19 46 25 6 20 20 32 32 32
+ 5 32 15 29 6 0 30 0 30 0 30 31 42 0 30 17 15 6
- 20 17 42 8
- 17 0 30 15 32 15 29 29 43 2 7 15 32 22 15 44 32 22 15 5 32 15 43
- 47 20 33 25
+ 17 43 48 47 19
+ 44 26 0 29 2 11 30 30
- 4 30 43 9 46
+ 47 25 49 27 23
+ 17 21 31 38 21
- 28 15 46
+ 5 2 43 48 17 21 31
- 44 24 9 46 13 0 9 17 2
- 26 36 29 31
+ 44 35
+ 47 18 41
- 0
- 9 30 43 9
- 41 14 36
- 2
+ 47 33 25 23
- 5 41 15 29 29 43 32 8
- 7 38 43 48 41 37 36 37 36 37 38 34 35 40
- 0 38
+ 17 7 0 30 15
- 32 21 42 31
- 5 29 20 11 0 5 2
- 47 39 25
+ 47 33 25 23
- 4 14 36
- 9 9 46 46 21 47 19 15
+ 47 25 27 48 47 33 25 23 9 8
- 41 3
+ 41 37 36 37 36 37
- 19 6
+ 44 26 0 5 2 43 48 47 25 49
- 40 13 10
- 29 11 44 30 30 30 19 11 24
- 23 21 26
- 35 41 10 38 31
- 18 47 5 33 27
+ 5 2 21 31 38 40 40 21 40 40 40 40
- 4 5 2 43 35 41 37
- 15 30 47 18 8
+ 29
+ 47 17 37 36 28 35 35 35 14 14 37 36
+ 5 2 43 48 30 41 11 41 11 19 15
- 15 12
+ 29
- 30 32 43 9 17 33 33
+ 44 26 0 41 28 14 14 38 29 13
- 9 23 18 23 5
+ 29 2 11 30 30 19 2 11 19 11
+ 47 25 27 48 17 43 48 41 37 36 38 6
- 43 30 43 9 4 2
- 30 41 11 43 9 21 17
+ 29
- 4 43 9 18 13 20
+ 29 2 2 11 30 19 11 19 2 2
+ 17 5 19 46 11 37
- 47 25 23 41 30 28 0 14 38 44 12
+ 17 5 19 29 2 5 28 38 40 40 40 40 21 40 40 40 40 40
- 29 2 2 48 2 2 17 11
+ 47 18 5 25 23 23 9 41 48 45 9 41 46 40 45
+ 17 5 8 8
+ 9 9 46 13 9 46 13 9 15
- 30 41 11 41 3 43 9 17 49 33
+ 30 41 3 19 46 21 17 46 21 47 41 11 41 4 43 9 46
+ 44 35
+ 47 17
+ 17 43 48 44 26 0 29 2 11
- 16 21 19 37
+ 17 21 26 2 21 19
- 36 41 35 35 3
- 9 9 47 17 33 33
- 47 33 23 23 23 23 23 9 1 2 48 45 9 8 9 1 9 2 40 45 40 45 40 45
+ 17 7 0 30 15
- 17 7 44 5 15 30
+ 30 41 11 19 15
+ 17 21 8 38 40 40 40 21 40 40 40 40
- 15 12
+ 47 33 27 9 41 46 40 45
+ 5 32 15 45 43 48 5 32 15 45 7 15 32 8
- 30 5 34 45 9 15
+ 41 38 35 40
+ 29 11 30 30 19 11 30 30 30 19 11 30 30 19 2
- 26 0 10
- 41 36 45 5
+ 47 18 41 6 2
+ 17 5 26 2 7 17 8
+ 29 11 30 19 11 30 19 2 2 11 19
+ 47 25 27 48 5 32 15 43
+ 9 9 46 13 9 46 13 9 46 21 8 9 17 2
+ 5 32 22 15 45 7 0 30 17 22 15 44 26 2 21 31 38 21
+ 17 5 19 17 21 19 18 17 21 45
- 9 9 46 21 20 44 13 4 9
+ 30 41 3 41 3 41 3 43 9 46 21 8 9 15
+ 41 38 9 40
- 17 7 31 42 48 6
- 16 39
- 4 14 36
+ 44 26 0 29 2
- 7 37 36 38 35 40
+ 29 11 30 19 2 2 2 11 19 2 2 11
- 41 34 38 29 14 38 16 12
- 2
- 19 32 22 22 18 15
- 17 21 8 38 40
- 28 0 36 21 14 0 0 13
+ 17 43 48 29 2 11 19 11 30
- 17 21 19 18 31 31 21 40 40
- 33 10 47
- 29 42 2 2 2 2 11 48
- 17 26 2 43 48 29 2 2 45 33 30 30 30 19 2 7
- 26 10 25
- 41 36
+ 30 41 4 41 11 43 9 46
- 22 20 19 45 2
+ 47 18 31 14 14 37 36 37
+ 17 5 19 29 32 15 6 17 22 15 43 32 22 22 15 43 32 15 44 28 8
- 44 34 39
+ 17 5 19 17 21 19 18 17 21 45
- 17 19 33
- 44 0 44 24 9 46 32 21 24 39 15
- 34 29 8
+ 44 35
+ 30 43 9 46 13 9 46 13 9 46 13 9 15
- 38 1 40
+ 44 35
- 5 32 22 15 44
- 29 11 30 30 19 2 2 11 19 7 11 1
+ 5 2 43 48 9 9 46 13 9 46 21 8 9 17 2
+ 5 2 43 48 30 43 9 17 2
+ 5 2 7 0 30 17 15 43 32 8
+ 29 11 19 2 2 2 2 2 11 19 11
- 30 33 4 41
+ 41 37 36 37 36 28 0 13
+ 5 2 21 19 17 43 48 17 21 19 48 43 48 30 41 4 19 46 13 9 46
- 38 44 22 40
- 26 7 9 6 15
+ 30 19
+ 5 2 43 48 9 9 17 2
+ 30 41 3 43 9 46 13 9 46 21 17 46 13 9 46 13 9 17 2
+ 47 33 27
- 17 13 5 8 38 21 40
+ 29 11 19 2 2 2
- 14 17 2
+ 5 2 7 15 2 21 8 8
- 4 36
- 5 32 22 22 39
+ 29 2 2 11 19 11 30
- 30 29 3 9 46 13 15
- 11 15 8 41
- 39 9 17 2
- 44 26 9 20 9 15
- 16 47 28 9
- 7 38 43 48 41 37 36 37 36 37 38 34 35 40
+ 17 21 31 38 40 40 40 21 40
- 9 17 2
+ 44 26 0 29 11 30 19 2 11 19
+ 41 38 35 40
- 23 21 26
+ 29
+ 30 43 9 46 21 44 21 44
+ 17 5 8 38 21 40 40 40 40 40 40 40 40 40
- 47 35 47 48 2 11
+ 47 19 37 36 38 6
- 9 34 9 15
- 24 9 9 46 13
- 2 43 23 48 41 38 39 6
+ 30 41 4 41 11 41 3 19 17 2
+ 47 25 23 29 11 30 19 11 30 30 30 30 19 11 19
- 41 5 32 15 2 7 31 42 31 42 31 42 0 30
- 17 32 33 7
+ 5 2 43 48 30 43 9 17 2
+ 44 35
+ 17 7 17 22 15 44 31 38 40 40 21
+ 17 21 19 21 19 31 8 38 40 40 21 40
+ 9 9 17 33
- 10 41 28 14 10
+ 5 2 43 48 47 33 27 23
+ 5 2 43 48 9 9 17 2
- 27 43 15
+ 44 35
- 27 5 2 47
- 43 41 15
- 19 9 46
+ 44 35
+ 17 7 31 42 0 30 31 42 15 32 22 8
+ 47 18 26 2 46 40 45 40 45
- 17 43 48 19 2
- 22 5 32 24 40
+ 9 9 46 21 47 19 15
+ 44 26 0 41 37 36 37
- 26 11 30 4
- 18 29
- 6 14 46 19
- 47 37 36 5
+ 5 32 22 22 22 22 15 45 43 48 10
+ 47 33 27 23 9 46 4 2
- 29 11 27 30
- 30 41 11 41 3 43 9 17 49 33
- 18 27 37 15 38 6
- 39 47 5
+ 44 35
- 47 12 10
- 33 10 47
- 5 10
- 44 24 9 35 15
- 32 0
- 17 43 26 29 33 11
- 41 31 38 40
+ 44 26 0 29 2
- 25 2 2
- 4 30 43 9 46
- 26 10
+ 30 19 46 21 17 17 2
- 33 0 30 43 9 4 7
- 5 2 14 17 8 8
- 29 2 2 2 11 19 2 2 11 33 2
- 42 43 48 9 46 13 9
+ 30 19
+ 47 25 49 27 9 1 2 48 45
+ 17 21 28 38 21 40 40 40 40 40 40
- 45 3
- 6
+ 47 33 25 23 23
+ 17 43 48 17 21 28 8
- 9 23 18 23 5
- 17 13 5 8 38 21 40
- 29 11 44 30 30 30 19 11 24
- 28 23
+ 44 26 0 5 2 43 48 47 19 38 35 12
+ 29
- 29 41 2 11 30 19
+ 29
- 32 21 42 31
- 5 41 15 29 29 43 32 8
+ 17 5 8 8
- 29 49 30 30
- 14 34 18 26 2
- 0 9 2
+ 44 26 0 5 2 43 48 47 19 38 35 12
+ 29 11 19 2
- 45 3
+ 44 26 0 5 2 21 31 38 40 40 40 40 40 21 40 40 40 40 40 40 40
- 37 29
+ 47 25 23 44 26 0 29 11 30 30
- 30 19 19 2
+ 29 11 19 2 2 11
+ 17 43 48 17 43 48 30 19
- 9 9 46 13 46
- 28 25 7 0 34 30
- 5 2 26 32 22 8
- 43 25 49 9 32
- 17 43 48 29 2 2 2 2 18 2 11 30 30 19 11 19 2 2 11
- 17 43 9 17 18
+ 30 19
+ 30 41 11 41 11 41 4 41 11 43 9 46 13 9 15
+ 29
+ 17 21 31 38 21
+ 47 25 27 48 29 11 19 11 30 30 30 19 11 30 19 11
- 5 2 43 48 29 11 19 11 30 30 30 30 15 30 30 19 2 2 11
- 18 37 30 15
- 41 38 44 20
- 6
- 48 30 43 15
- 0 5 2 8
+ 29 11 30 19 2 2 2 11 19 2 2 11
- 11 30 33
+ 30 41 4 41 11 43 9 46
- 9 9 46 21 17 37 47 23
+ 17 43 48 17 7 31 42 31 42 31 42 31 42 0 30 0 30 0 30 31 42 17 15 43 2 5 19 29 2 21 31 8
+ 9 9 46 13 9 46 13 9
- 7 30 15
- 41 3 28 0 14 28 5
- 17 43 48 48 44 26 0 47 33 25
+ 44 35
- 19 35 46 17
+ 30 41 11 41 4 19 15
- 2
+ 17 43 48 30 41 4 19 17 2
- 30 34 9 17 33 33 33 33 33
+ 29 11 30 30 30
+ 41 28 35 35 35 14 14 38 9 12
- 9 0 9 46 21 24 10 44
+ 29
+ 29
+ 17 43 48 17 21 28 38 40 21 40 40 40 40
- 47 8 5
+ 17 5 26 2 7 0 30 0 30 31 42 15
- 5 32 22
+ 44 35
+ 47 17
- 17 8 38 40 21 27
- 36 30 43 25 47 11
+ 29
- 9 2 11 7 31 42 0 30 31 42
- 42 44 15 32 17 3
- 44 24 9 16
+ 44 35
- 47 39 25
- 23 2 0 40 8
+ 17 21 19 46 25 6 20
- 44 10 46 46
+ 29
+ 17 43 48 44 26 0 29 2 11
+ 5 32 15 6 0 30 31 42 31 42 17 15 43 2 21 8 8
+ 47 17 38 16 12
+ 47 25 27 48 9 9 46 21 24 39 15
+ 29
+ 5 32 22 15 29 45 43 48 30 19 15
+ 47 25 27 48 44 24 9 17 33
+ 17 7 0 30 15 2 43 48 9 9 15
- 40 4 12
- 17 8 38 40 21 27
+ 29 2 11 30 19 11 30 19
+ 47 17
- 40 32 8
- 24 20
+ 44 35
- 41 32 46
- 44 24 12 9 15
- 18 29
- 47 25 20
- 44 45 46 39 8 9
+ 44 35
+ 29
+ 17 21 8 38 40 40 40 21 40 40 40 40
- 31
+ 44 35
- 44 26 4 0 30 43 9
+ 17 43 48 41 37 36 28 0 14
- 2
- 29 11 30 30 22 30 19 2 11 19
- 21 18 10
+ 29
- 38 20 44 14
- 29 42 2 2 2 2 11 48
+ 5 32 22 15 29 44 8
- 37 9 5 14 13
+ 29
- 9 17 2
- 29 2 2 8 2 2 11 30 19 2 26 41 11 10 11
+ 30 19 46 21 8 9 15
- 41 3 28 0 14 28 5
- 32
+ 44 26 0 41 37 36 37 36 38 35 40
+ 29
+ 5 2 7 31 42 15 32 22 8
- 44 34 39
+ 5 2 7 0 30 17 15 43 32 8
+ 5 32 22 15 43 2 21 26 2 5 31 8
+ 9 9 46 21 47 19 17 2
- 34 23 44
- 47 9 23 36 15
+ 17 7 31 42 17 8
+ 29 11 19 11 30 30 30 19 2 2 2 11 30 30 19 11 19 11
- 40 46
- 42 19 20
+ 5 32 15 29 6 0 30 0 30 0 30 31 42 0 30 17 15 6
+ 17 7 0 30 0 30 0 30 31 42 15 2 43 48 9 9 15
- 29 34 1
- 32 41 28 21
+ 9 9 46 21 17 17 2
+ 47 25 23 44 26 0 29 11 30 30
- 49 22 17 7 28 0 30 0 30 17 8
+ 30 43 9 46 21 47 43 9 46 21 17 17 2
+ 47 33 27 23 9 46 4 2
- 5 5 45
+ 29
- 35 32 36 9 46
+ 47 18 31 14 14
+ 29 2 2 2 11 30 19 11 30 19
- 44 0 44 24 9 46 32 21 24 39 15
- 41 11 43 9
+ 47 19 38 6
+ 44 35
- 11
+ 9 9 46 13 9 46 13 9 15
- 29 11 48 2 32 2
+ 17 7 15 2 7 31 42 0 30 17 8
+ 17 43 48 44 26 0 47 25 27 48 30 41 3 41
+ 5 32 15 45 5 26 32 8
+ 17 43 48 17 5 19 21 45
- 48 38 6
- 19 32 22 22 18 15
+ 30 41 3 43 9 17 2
+ 44 35
+ 47 33 25 9 8
+ 41 37 36 37 36 28 5
- 5 32 22 22 39
- 5 2 43 48 29 11 19 11 30 30 30 30 15 30 30 19 2 2 11
- 25 5
+ 29 2 2 11 30 19 11 19 2 11 19 2 11 30 19 11 19 11
- 9 9 17 30 2
- 14 17 2
- 36 9 49 9 15
+ 47 25 27 48 41 28 14
+ 47 25 23 17 21 45
- 28 14 14
+ 44 35
- 30 43 9 21 47 43 9 46 21 44 21 8 9 15
- 43 24 45
- 30 46 21 18
+ 47 18 27 28 5
+ 17 21 28 38 21
- 19 9 16
- 48 17 36 36 26 32 22 8
- 2 21 31 32 45
+ 30 41 3 19 15
- 6 41 47 20 7 12
+ 29 11 19 11 30 30 30 19 11 19
+ 17 21 19 21 19 31 8 38 40 40 21 40
- 27 35
+ 9 9 46 21 8 9 46 13 9 46 13 9 46 13 9 17 33 2
- 13 32 19
+ 9 9 17 33
- 17 21 19 18 36 13 38 21
- 47 33 25 9 2 26 40 45
- 43 39 21 45 20
+ 17 43 48 47 19
+ 29 11 30 19 11 30 30
- 5 33
- 47 18 26 2 46 45 40 45
- 43 24 45
- 17 7 0 31 30 15 2 5 3 28
+ 30 41 4 43 9 17 33 33 2
+ 9 9 46 13 9 46 21 47 41 4 43 9 15
- 41 1 38 49 31
+ 29
+ 29
- 28 18 41
+ 47 18 26 2 48 34 16 45 23 9 16 34 6 2 48 45 23
+ 30 41 11 19 15
- 19 44 26 0 29 2 11 19 2 44 23 25 11
- 5 15 44 19 46
- 30 9 46
- 21 35 2
+ 47 25 23 29 11 30
- 1 4 12 40
+ 44 26 0 47 19 37 36 38 6
+ 5 2 7 15 2 21 19 46 20 32 32 32 32 32 32 32 32 32 32 32 32
- 25 42 10
+ 47 25 27 48 5 32 15 43
+ 17 7 0 30 15 32 15 43 2 43 48 9 9 46 13 9 46 21 44 21 8 9 17 2
+ 30 41 3 43 9 15
+ 5 32 15 29 6 31 42 31 42 0 30 0 30 0 30 15 32 15 43 32 22 22 8
+ 47 33 25 9 16 45 23 23
+ 29 11 19 2 11 19 11 30 30 19 2 11 30 19 2
+ 29 11 19 11 19 11 19 11 19 2 11 30 19 11
- 17 7 10 25
+ 44 35
+ 29 11 19 2
+ 30 41 3 19 46 21 17 46 21 47 41 11 41 4 43 9 46
- 46 30 43 9 17
- 35 48
- 29 2 2 2 11 30 19 11 30 19 28 19 11 23 30 30 30 19 2 5 11
+ 47 17 28 0 13
+ 17 5 19 29 2 5 19
- 17 28
- 32 41 28 21
+ 47 25 49 27 23 9 8 27 23 23 9 4 2 48
+ 9 9 46 13 9 46 13 9 17 33 33
+ 29
- 47 19 36 28 5
+ 29 11 30 30 19 2 11 19 11 19 11 30 19
- 47 19 38 12
- 41 9 9
- 9 9 17 30 2
- 29 7
- 41 1 38 49 31
+ 5 32 22 22 15 6 17 15 29 6 17 22 15 44 26 32 22 22 8
- 17 42 32 7
+ 30 41 11 41 3 41 3 41 11 41 4 19
- 41 9 9
+ 44 35
+ 44 35
- 18 27 37 15 38 6
- 6 41 13 38
- 47 17 9 1 38
- 45 9 33
- 25 6 41
- 41 31 38 40
+ 17 21 8 38 40 40 21 40 40
+ 17 43 48 29 2 11 19 11 30
+ 5 2 7 17 15 43 32 15 43 32 15 29 43 32 22 15
+ 5 32 15 43 32 15 44 8
- 2 43 23 48 41 38 39 6
- 29 11 30 19 2 11 30 19 10 11 30
- 9 9 46 13 10 9 15
- 48 9 46 17 13 9 46
- 47 16 26
- 32
- 29 2 2 2 11 30 19 11 30 19 28 19 11 23 30 30 30 19 2 5 11
+ 30 19 46 21 8 9 15
- 29 24 2 2
- 17 21 5 8
+ 44 35
- 5 2 21 11
- 11
- 5 30 19 46
- 44 24 12 9 15
+ 47 18 31 14 13
+ 17 21 28 38 21 40
+ 29 2 2 2 2 11 19 2 11 19 11 19 2 2 2 11 19 2 11 30
+ 30 41 4 41 3 43 9 17 33 33 33 2
- 43 3
+ 5 2 43 48 30 41 11 41 11 19 15
+ 44 35
- 37 21 35
+ 41 28 0 14 38 35 40
- 47 28 3
- 5 32 22 15 44
+ 44 35
+ 17 21 31 38 40 40 40 21 40
- 9 34 8
+ 17 5 8 8
- 39 28
+ 17 21 28 38 21 40
- 10 20
- 30 43 9 35 13 46
- 48 17 36 36 26 32 22 8
+ 44 26 0 41 28 14 14 38 29 13
+ 5 2 5 31
- 0 26 44 9 9 17 7 33 2
- 5 2 7 0 30 17 12
- 29 2 30 19 11 19 2 11 19 2 11 15 19 21 19 11 19 2 2
- 17 33 8 33 8
- 28 14
- 18 47 5 33 27
+ 30 43 9 46 13 9 46 13 9 46 13 9 15
- 10 16 9
- 41 41 25 19 15
- 34 13 10 41
- 11 10
- 28 0 36 21 14 0 0 13
+ 47 19
+ 29 2 2 11 19 11 19 2 2
+ 44 35
- 18 2 23 47 15
+ 5 32 22 22 15 6 17 15 29 6 17 22 15 44 26 32 22 22 8
+ 30 19 17 33 33
- 7 20 11
- 3 9 13 9 15
+ 41 28 35 35 35 14 14 38 9 12
+ 47 18 41
- 40 41
- 2 30
- 30 11
+ 41 38 35 40
+ 30 41 4 41 11 43 9 46 13 9 17
- 21 19
- 47 44 24 9
- 49 5 31
- 32 22 22 22 22 8
- 22 5 32 24 40
- 42 41 33 6
- 5 7 29 5
- 43 39 21 45 20
+ 5 2 21 31 38 40 40 21 40 40 40 40
+ 47 33 27
- 48 41 31 41
- 9 43 15
- 23 33 15 2 21 31 8
- 17 7 17 15 29 43 32 1 32 15 43 2 43 48 29 2
- 25 28 35 0 43 13
+ 41 38 35 40
- 9 26 0 29 11 19 2 2 2 2 11 30 30 11 30
- 32
- 6
+ 17 43 48 30 43 9
+ 47 25 49 27 23 9 8 27 23 23 9 4 2 48
- 22 20 19 45 2
+ 47 19
- 1 25 4
- 42 44 15 32 17 3
+ 44 35
- 21 5
+ 5 2 21 8
- 2 21 31 32 45
+ 30 19 46 13 9 46 21 44 21 44 13 9 17
- 34 5
+ 47 25 49 27 23
- 8 47 33 25 9 8 27 7
+ 29 2 2 11 30 30
- 15 30 47 18 8
+ 9 9 17 33
- 42 19 20
- 33 5 32 22 37 22 15 43 32 8
- 41 38 2
- 37 36 38 14 38 6
- 33 47 25 42 7 49 27 34
- 47 17 28 28
- 24 40 8
+ 41 38 29 14 37 36 37 36 38 35 40
- 30 43 24 47 8 46 38 4 9 17 2
+ 44 35
- 26 15
- 44 24 9 46 13 0 9 17 2
- 7 30 32
+ 44 35
- 30 11 19 34
- 19 44 26 0 29 2 11 19 2 44 23 25 11
- 47 26 26 2 41 40 45
- 47 31 38
- 26 0 10
+ 44 35
+ 47 33 27 23 23 23
- 13 21 29 44 11
+ 47 19 38 29 14 38 16 40
- 25 42 10
- 40 41
- 17 21 38
+ 5 2 43 48 17 43 48 17 7 15 2 7 15 32 22 8
- 17 19 17 9 21 33 33
- 44 26 43 0 9 9 15
- 31 5 14 2 21 11 28 38 21 40 40 40 40 40 40
- 8 2 43
+ 29
+ 5 32 15 43 2 7 31 42 15 2 21 19 46
- 11 27 23
- 39 5 2 7 5 36 31 42 31 42 17 8
+ 29 2 2 11 30 19 11 19 2 2
- 47 37 36 5
- 17 43 1 4 41
- 1 4 12 40
- 11
+ 41 37 36 38 35 40
+ 30 19
+ 44 26 0 17 7 15 2 43 48 5 2 7 17 22 15 43 32 22 8
+ 44 35
+ 47 17 38 29 14 37 36 37 36
- 9 19 9 15
- 0 29 11
+ 44 26 0 29 11 30 19 2 11 19
- 0 9 2
- 11
- 29 2 2 2 2 11 9 30
+ 29
- 7 21 28
+ 30 19 46 21 47 19 17 2
- 21 30 0 41 37
- 39 47 5
- 9 43 15
+ 5 2 21 28 38 21 40
+ 44 35
- 17 28 31 2 6 37
- 26 10 25
- 43 33 41 27 23
- 38 47 25 23 20 43 48 27 33 25
- 42 9 9 1
- 30 11
+ 17 5 19 29 32 15 6 17 22 15 43 32 22 22 15 43 32 15 44 28 8
- 31 41 32 42 20 8
- 10 26 0 45 5 8 8
- 9 30 15
- 16 11 19
- 15 24 10
+ 29 11 19 11 19 11 19 11 19 2 11 30 19 11
- 0 38
+ 5 2 43 48 17 21 31
+ 17 21 26 2 21 19
- 41 3 43 36 2
- 19 35 46 17
- 3 23 5
- 30 29 3 9 46 13 15
- 1 47 18
+ 47 17 38 29 13
+ 47 33 27 9 46 8
+ 30 41 11 43 9 46
- 6
- 43 48 7 17 44 8
- 9 9 33 16
+ 44 26 0 5 2 21 31 38 40 40 40 40 40 21 40 40 40 40 40 40 40
- 34 8 44 24 36 9 46 21 24 39
- 9 46 21 21 47 4 41 3 43 9
- 30 43 9 35 13 46
- 0 26 44 9 9 17 7 33 2
- 5 2 43 48 34 5 26 30 15 43 2 21 31 38 40 40 40 21 17 40 40 40
- 11 30 15 30
+ 29 11 30 30 30
+ 17 5 8 38 21 40 40 40 40 40 40 40 40 40
+ 47 17 37 36 28 3
- 47 12 10
- 47 9 23 36 15
- 30 17 33 2
+ 17 43 48 30 43 9
- 2 30
- 41 38 13
+ 29
- 47 18 35
- 47 33 25 9 2 26 40 45
+ 41 38 35 40
+ 30 41 3 43 9 17 2
+ 5 2 7 0 30 31 42 31 42 17 8
+ 44 26 0 17 5 28
- 5 2 44 43 5 45 48 35
- 31 17 43 48 29
- 9 19 9 15
+ 5 32 22 15 45 7 0 30 17 22 15 44 26 2 21 31 38 21
- 30 41 41 11 19
- 30 9 46
- 3 26
- 43 17 7 23 33 8
+ 29
+ 29 2 2 2 2 11 19 2 11 19 11 19 2 2 2 11 19 2 11 30
- 29 11 45 30 19 11 30 30 30 30 19
- 11
+ 17 43 48 30 43 9 17 2
- 40 12
+ 29 11 19 2
+ 41 38 9 40
- 16 22
- 17 11 5 32
- 13 18 43 42
+ 5 2 21 8
+ 29
- 22 26 0 29
- 3 26
- 30 21
- 30 16 26 41 4 43 33 6 9
- 3 29 11 30 30 41 19
- 9 29 44
+ 44 35
- 47 33 23 23 23 23 23 9 1 2 48 45 9 8 9 1 9 2 40 45 40 45 40 45
+ 41 28 0 14
- 31 18 35
+ 29
- 38 20 44 14
+ 44 35
+ 30 19
- 30 41 41 11 19
- 29 41 3 43 48 17 2
- 14 47 5 43 9
+ 17 5 8 8
- 46 42
- 29 44 9 18 28 15
+ 44 35
- 27 41 0 48 35
- 30 30 19 45
- 5 2 7 0 30 36 8
- 47 27 23 23 9 6 44 46 40 45 40 47 45
- 40 17
- 30 48 31 9 7
- 3 5
+ 29 11 19 11 30 30 19 11 19 11 30 19 2 11 30 19 11 30 30 19 2
+ 44 35
- 11 30 15 30
- 30 43 9 46 49 13 9 24 41 9 17 2
- 38 14 44 14
- 46 30 43 9 17
+ 47 33 25 23 9 41 46
- 41 46 41 35
+ 17 5 8
- 5 32 22
- 25 45 10 37
+ 29
+ 41 28 0 14 37 36 38 29 14
- 44 17 43 48 5 2 33 28 41
+ 5 2 43 48 29 11 30 30 30 19 2 11 19
+ 30 19
- 21 24 9 15
+ 29 11 19 2
- 49 47 33 35 27 9 1 2 48
+ 30 19 46 21 17 17 2
+ 47 33 27 9 8 27 23
+ 29 11 19 11 19 11 19 2 2
- 17 9 15 22 22 22 8
+ 17 7 31 42 31 42 17 22 22 15 6 0 30 15 2 43 48 9 9 46 13 9 15
- 20 47 18 10 2
- 13 18 43 42
- 29 41 2 11 30 19
+ 17 5 19 31 45
+ 17 7 0 30 31 42 31 42 0 30 15 32 22 8
- 5 2 5 38 40 40 40 40 28 40
- 41 38 36 34 31
- 43 9 39 40 21 28 8 9 46 21 47 43 9
+ 29 11 19 11 19 2 2
+ 29 2 11 30 30 19 2 11 30 30 30 30 30 30 30 19
+ 47 17 37 36 37 36 28 5
- 48 22 44
- 7 30 15
+ 17 7 0 30 0 30 0 30 31 42 15 2 43 48 9 9 15
- 39 43
- 32
+ 17 43 48 30 19 46 21 47 41 4 41 4 19 17
- 3 2 19 2
+ 30 41 11 43 9 46
+ 17 7 31 42 31 42
- 25 45 10 37
- 17 43 9 17 18
