- 11 43 27 13 43 27
- 11 43 27 43 27 15 20 11 11
- 11 11 43 27 11 11 15 48 43 27 43 43 27 43 15 41 20 27 15 20 27
- 6 22 41 25 41 41 36 29 12
- 33 27 9 27 15 48 11 43 7 27
+ 49 29 13 43 8 49 33 16 11 15 20 27 11
- 13 40 28
+ 11 43 27 43 27 15 20 27
+ 13 46 39 49 30 38
- 10 33 27
- 33 27 41 37 41 15
- 11 25 15
+ 13 12 22 25 31 43
- 33 27 15 48 15 48 43 15 20 27 43 27 43 27 43 27
- 1 43 27 43 26 27 43
+ 7 22 25 31 41 11 30 0 36
- 35 29 44
- 41 40
+ 49 30 11 8 29 49 33
+ 6 31 37 26 33 25
- 7 8 39 49 34 6 12 33
+ 7 8 25 43 8 24
+ 33 27 43 27 15 20 27 11 43 27 15 48 43 27 43 27 43 27
+ 6 31 31 37 26 33 25 29 46 36
- 13 40 28
+ 49 41 19 41 41 0 15 22 12 19 12 31 8 14 14
- 13 29 41 39 34 17 29 46 34
+ 11 11 43 27 11
+ 6 36 29 15 37 26
- 49 29 36 28 13 43
+ 6 31 41 41 36 29 32
+ 11 43 27 15 48
+ 6 41 31 41 37 41 37 26 33 17 24 33 28
- 39 40
- 24 12
+ 13 15 36 29 13 33 25
- 11 24 25 35
- 6 37 41 34 31 36 29 16 32 28
- 6 22 41 25 41 41 36 29 12
+ 13 15 37 37 31 37 41 37 37 31 37 41 26 33 28
+ 13 12 8 25 42 40
- 6 31 26 33 17 24 26 17 29 36 17 24
- 33 27 43 27 11 43 15 27 43 27 43 27 15 20 27 11 43 27 11 11 15 48 43 27
- 11 32 15 20 27 11 15 20
+ 6 41 37 26 33 28
- 15 20 27
- 27 27 40
- 11 11 13 27 43 27 15 48
- 49 35 25 33 19 38 15 15 49 31
- 2 13 15 27 9 15
+ 33 27 43 27 43 27 15 48
- 13 41 10 25 18 40
+ 33 27 43 27 15 20 27 11 11 43 27 11 15
- 49 6 39 30 1 26 34 6 6 29 33 33 6 34 27 8 31 25 26
+ 11 15 48 15 48 11 43 27 43 27 43 27 43 27 11 43 27 15 48 15 48 11 15 48
- 11 43 43 27 15 20 27 20 48 27 15
+ 6 26 33 17 29 12 43
+ 33 27 43 27 15 48 15 48 11
+ 11 43 27 43 27 15 20 27 15 48 43 27
+ 33 27 43 27 43 27 15 20 27 11 43 27 11 11 43 27 11 11 11 43 27 43 27 43 27 43 27 43 27 15 20 27 15 48 43 27 43 27 11 11
+ 6 41 41 31 36 29 15 31 41 26
- 28 13 32
+ 13 15 26 33 17 24 33 17 24 33 28
+ 11 11 11 43 27 43 27 11 15 20 27 43 27 43 27 43 27
+ 13 12 8 25 42 7 41 42 40
- 11 49 35 4 27 1 15 22 31
+ 7 41 31 8 34
- 13 39 39 39 15 26 18 42
+ 7 8 25 43 8 24
+ 11 11 11 15 20 27 11 15 20 27 43 27 43 27 15
- 6 37 41 37 41 17 22 36 24
- 49 23 40 9
- 33 27 41 37 41 15
+ 33 27 43 27 11 11 43 27 11
+ 33 27 11 15 48 43 27 43 27 15 48 11 11 11 11 15 48 15
- 6 41 41 36 24 33 25 33 17 44 24 33 28
- 41 46 22 49 31 8 14 14
- 23 38 44
+ 49 41 14 40 40 12 1 29 44
+ 11 43 27 11 43 27 15 48 43 27 11 11 11 11
- 23 11
- 49 35 9 17 16 33 27 43 27 31 15
- 33 27 18 43 43 27 15 20 9
+ 13 15 41 37 36 24 33 17 29 46 25 11 6 2 16 7 22 34
+ 49 6 2 16 11 11 43 27
+ 11 15 20 27 11 15 20 27
+ 11 11
+ 13 39 32
- 11 43 27 13 43 27
+ 6 37 31 41 37 37 36 24 33 25
+ 49 29 36 13 42 40
- 28 11 15
+ 7 22 39 7 22 25 18 6 31 37 36 29 39 12 8 25 18 13 13 33 17 29 39 12 8 25 31 41 31 41 11 30 42 10 29 49 10
- 11 19 15 20 27 15 20 27
- 31 30 23
- 2 41 26
- 49 41 45 32 0 23 42 10 29 7
+ 11 11
- 11 15 48 15 20 27 43 48
- 45 7 18 41
- 49 41 2 0 7 12 31 19 25 36
+ 33 27 43 27 11 15 48
+ 49 41 19 49 1 41 1 23 41 14 12 31 45 9
- 33 43 27 11 11 39 5 27 43 27
- 15 39 36 25 20 33
- 33 43 27 11 11 39 5 27 43 27
+ 49 35 25 29 36 13 18 6 41 26
+ 7 41 42 7 43
- 22 26 45 33 44 17 29 13 33 17 29 46 34
+ 33 27 11 11 43 27 43 27 11 43 27 43 27 11 15 48 15 20 27 15 20 27 11 15 48 43 27 11 43 27 43 27 15 48 11 11
- 11 22 11 43 27 21 27
- 13 39 12 28 36
- 6 4 8 16
+ 6 41 26 33 25 29 13 33 28
+ 49 41 14 40 40 12 1 29 36 13 42 13 32
- 31 31 26 17 24
- 11 4 43 27 11 15 20 27
- 0 29 40
+ 13 15 41 37 36 24 33 17 29 46 25 11 6 2 16 7 22 34
- 11 15 20 31
- 15 39 36 25 20 33
+ 6 31 41 41 26 33 17
- 33 6
- 13 36
- 15 49 29 19 33 13 31 22 16
- 6 36 31 41 45
+ 49 30 42 15 31 43
- 33 27 43 27 43 41 11 11 43 27 15 48 11 11
- 13 6 48
- 14 33 27 11 11 43 27 15 48 15 20 27 43 27 11 15 48 15 20 27 43 27 11 11 43 27 43 27 11 43 27 15 20 27 15 20 27
- 46 25 11 6 32 39 26 33 6 29 29 33 27 15 26 34 34 29 33 34 27 15 1 43 13 6 33 33 6 33 29 27 31 39 1 26 29 33 27
+ 33 27 15 48 43 27 11 15 48 43 27 11 11 43 27 43 27
+ 33 27 43 27 15 48 43 27 15 20 27 15
- 24 21 11 16 25 27 7 22
+ 11 11 11 11 43 27 15
+ 49 6 39 1 26 34 34 34 29 6 29 34 33 33 6 29 27 31 33 16 22 39 1 1 26 29 29 34 33 34 27 18 29 34 33 33 29 6 33 6 6 33 34 6 27 15 43 26 15 43 26 31 26
+ 6 37 36 24 33 28
- 10 43 44 4 40
- 33 27 43 27 43 27 43 15 27 43 27 11 11 15 20
- 26 41
- 49 29 3 25 23 3 45 23 30 12
+ 6 41 26 33 25 29 13 33 28
- 6 41 31 15 49 37 25 31 41 36 29 39 32
- 8 1 41 26 33 25 24 15 33 28
+ 13 39 13 33 25 29 13 33 17
- 7 8 25 18 13 39 25 29
- 49 45 40
- 33 16 27
+ 13 46 39 7 43
+ 49 30 11 45 13 36 28
- 15 20 27
+ 6 41 31 41 37 41 37 26 33 17 24 33 28
+ 6 31 26 33 25 29 12 22 36
- 15 41 37 37 6 32
+ 49 41 19 15 0 2 23 29 36 36 36 13 18 40
+ 33 27 43 27 11 11 11 15 20 27 43 27 11 15 20 27 11 43 27 11
+ 6 31 41 31 37 36 24
+ 7 41 42 33 27 43 27 11 11 15 20 27 11 15 20 27 11 15 48 11 11 11
- 11 43 18 27
- 14 33 27 11 11 43 27 15 48 15 20 27 43 27 11 15 48 15 20 27 43 27 11 11 43 27 43 27 11 43 27 15 20 27 15 20 27
- 15 33 13
+ 49 35 8 24 16 33 27
- 6 26 36 29 32
+ 11 15 20 27 11 15 20 27
- 6 26 38 33 17 29 4 15 37 37 31 31 31 26 33 29 46 41
+ 11 43 27 11 43 27 11 11 15 48 43 27 15 48 43 27 43 27
- 33 27 11 43 27 42 48 43 27 15 48 11 15 48 43 27 11 15
+ 6 37 31 41 37 37 36 24 33 25
+ 7 8 39
- 12 7
+ 11 15 20 27 43 27 43 27 15 48 11
- 7
- 6 36 39 29 32
+ 11 15 20 27 15 20 27 11 11 11 43 27
+ 13 36 25 24 33 17 24 33 17 29 12 43
+ 6 31 41 37 36 29 13 33 25 24 33 28
+ 49 30 45 15 39
+ 13 13 33 17 29
+ 7 22 39 7 22 25 18 6 31 37 36 29 39 12 8 25 18 13 13 33 17 29 39 12 8 25 31 41 31 41 11 30 42 10 29 49 10
+ 33 27 43 27 11 11 43 27 11
+ 11 11 15 48 15 20 27 43 27 11 11 43 27 11
- 3 9 6 41 36 24 26
- 11 43 27 43 11
+ 6 31 41 31 26
- 33 27 15 48 43 27 7 15 20 27 11 43 27 43 27 43 27 27 43 27 43 27 43 27 11 15 48 15 20 27
+ 7 8 39 33 27 43 27
- 34 7 46 29 18
- 7 6 26 33 25 29 16
+ 49 30 24
+ 11 11 43 27 11 43 27
- 15 37
- 13 22 10 27 41
+ 6 31 37 31 31 31 41 26
- 49 35 47 0 41 41 49 12 23 35 9 43 33 27 11 7 11 11 11 15 20 42 27 15
+ 33 27 15 20 27 15 48 15 48 15
+ 6 31 41 31 37 36 24
+ 6 41 37 37 31 37 37 41 26
+ 7 41 43 45 7 41 42 49
- 13 41 10 25 18 40
- 16 36 37 25 29 17 24 33 2 29 36 28
+ 33 27 43 27 43 27 11 11 43 27 11 15 20 27
+ 49 35 25 41 1 38 9 16 49
+ 49 35 3 47 0 41 22 40 12 31 19 49 31 1 23 6 2
- 26 35 25
- 13 39 12 28 36
- 13 12 22 22 20
- 33 27 43 11 5 20 27 11 43 27
+ 11 11 11 43 27 11 43 27 11 43 27 15 48 11
+ 11 15 48 11 11 15
- 11 15 48 11 11 15 20 27 43 27 43 27 11 15 48 11 43 27 11 11 42 15 48 11 15 48 11 11 43 27 15 20 11 15 48 43 27
+ 6 31 36 29 39 32
- 23 49 19 35
+ 6 31 37 36
+ 6 41 41 31 36 29 15 31 41 26
- 33 41
+ 11 15 48 15
- 13 43 14 39 12 41 29 40
+ 6 26 33 25 24 33 28
- 33 27 27 15 27 43 27 43 27 22 15 48 43 27
+ 13 13 33 17 24 33 28
+ 6 36 24 33 25 24 33 25 24 33 25
+ 6 36 24 33 25 29 39 36 28
+ 11 11 15 20 27 43 27 43 27 11 15 48 43 27 11 43 27 43 27 11 43 27 43 27 15
- 11 11 13 27 43 27 15 48
- 11 32 15 20 27 11 15 20
- 17 2
- 29 49 6
- 11 15 20 13 27 11 43 27 15 7
+ 33 27 43 27 11 11 11 43 27 15 20 27 11 11 11 43 27 43 27
- 49 6 9 37 23 27
- 33 27 15 20 27 43 27 43
+ 6 31 37 31 37 41 36 29 12 8 25 43 45 6 41 31 37 31 26 33 25 29 32
- 49 29 3 25 23 3 45 23 30 12
+ 33 27 43 27 43 27 15 48 15 20 27 15 20 27 11 43 27
+ 33 27 11 43 27 15 20 27 11 11 11 11 11 43 27 11 15 48
- 33 16 48
- 11 15 7 11 11
+ 49 6 39 43 26 31 40 8 24
- 41 35 38
- 6 37 41 37 41 37 31 31 49 26 33 25 24
+ 49 29 13 11 6 9 22 19 12
- 15 43 33 25 29 36 17
+ 13 12 8 25 42 7 41 42 40
- 33 48 44 33 27
+ 6 41 36 24 33 17 29
+ 6 37 31 37 31 37 26 33 25
- 33 48 44 33 27
+ 49 6 39 1 26 34 34 34 29 6 29 34 33 33 6 29 27 31 33 16 22 39 1 1 26 29 29 34 33 34 27 18 29 34 33 33 29 6 33 6 6 33 34 6 27 15 43 26 15 43 26 31 26
- 34 7 46 29 18
+ 6 31 41 31 26
+ 13 15 26 33 25 24
+ 33 27 11 11 15 20 27 11 11
- 46 48 1
- 33 16 27
- 24 7 8 33
+ 7 41 18 49
- 6 41 41 24
- 11 11 15 46 15 48 15 48
- 11 15 36 46 20 26 27 19 48 15
- 49 41 45 32 0 23 42 10 29 7
+ 33 27 15 48 15 48 11 43 27 15 20 27 15 48 43 27 11 43 27 11 43 27 11 15 20 27 15
- 13 33 8 30 37 13
- 7 22 39 6 11
- 43 7 11
+ 49 35 45 6 31 36 29 36 17 24 33 25
+ 6 41 41 37 31 26 33 28
- 13 17 34
- 49 38 29 44
+ 6 31 26 33 25 29 12 22 36
- 33 27 15 48 15 48 43 15 20 27 43 27 43 27 43 27
- 18 15 37 9 29 46 34
- 42
+ 33 27 11 43 27 43 27 11 15 48 43 27 43 27 11
+ 33 27 11 15 20 27 15 48 15 20 27
- 33 27 11 43 27 42 48 43 27 15 48 11 15 48 43 27 11 15
- 40 42 3
- 10 37 43 27
+ 49 41 1 23 41 45 47 43 15 46 4 26
- 6 28 29
- 31 30 23
- 7 22 25 18 11 3 43 19 27 15 48 43 27 11 15 20 27 15 20 27 27 11 15
- 22 40
+ 6 31 37 31 37 31 26
- 11 43 31 43 18 43 27 43 27 43 27 15 20 27 15 20 27 43 27 43 27 11 15 20 27 43 27 15 20 27 15
+ 6 41 37 31 26 33 25 29 36 25 29 39 32
- 49 30 45 3 4 11
+ 6 31 41 37 36 29 13 33 25 24 33 28
- 6 32 36 29 36 17 29 36
+ 7 22 39 33 27 15 48
+ 13 13 33 17 29
+ 11 11
- 37 17 29 29
- 32 6 9
+ 13 15 41 36
+ 13 36 17 29 13 33 25 24 33 28
+ 7 41 42 6 31 26 33 17 24 33 25 29 46 34
- 4 23 15
+ 13 36 17 29 12 8 34
- 49 41 45 9 35 24 35 49 6 40 3 47 43 14
- 18 49 29 3
+ 6 41 41 37 31 26 33 28
- 49 33 27 43 27 15
- 6 36 29 36 29
+ 49 6 39 43 26 31 2 16 7 22 25 18 7 43
+ 33 27 11 15 20 27 11 11 11 11 43 27 43 27 43 27 11 43 27 15 20 27 11 43 27 15 48 11 15 20 27 43 27 11 43 27 15 20 27
- 11 10 18 11 27
- 7 22 39 6 11
- 41
+ 13 39 13 33 25 24 33 17 24
+ 49 35 25 35 8 29 44 29 24 16 33 27 15 20 27
+ 33 27 11 15 48 43 27 43 27 15 48 11 11 11 11 15 48 15
- 20 7 7 34
- 6 31 31 37 37 31 26 33 17 27 28
+ 11 11 43 27 43 27
- 49 28 14 40 3 23 23 30
+ 13 36 17 29 39 12 43
+ 6 31 31 41 41 41 26 33 17
+ 33 27 43 27 15 48 15 48 11
- 6 36 38 24 22 27 29 40 32
- 22 26 45 33 44 17 29 13 33 17 29 46 34
- 35 3 11 10 20 32 27 15
+ 49 6 39 43 26 31 40 8 24
+ 6 31 37 31 37 31 26
+ 33 27 43 27 15 20 27 43 27 43 27
- 8 7 22 41
+ 11 11 43 27 11
+ 49 35 25 35 8 29 44 29 24 16 33 27 15 20 27
+ 33 27 15 20 27 15 20 27 43 27 15 48 15 48 15 20 27
+ 11 43 27 11 15 20 27 11 15 48 43 27 15
+ 11 11 11 43 27 11 43 27 11 43 27 15 48 11
+ 13 15 41 36
+ 6 26 33 25 24 33 28
- 3 18 17
- 34 11
+ 49 30 42 10 29 7 3 25 23 6 9 36
- 11 15 20 27 43 27 43 49 27 43 27 11 43 27 15 48 15 20 27
- 49 41 45 9 35 24 35 49 6 40 3 47 43 14
+ 7 8 25 11 30 0 22 9 22 19 12
+ 11 43 27 15 48 11 15 48 15
- 6 32 36 29 36 17 29 36
+ 11 43 27 11 43 27 11 15
- 6 31 41 41 36 29 17 29 36 25 29 13 33 25 29 36 17 29 40 46 17 22
- 26 33 28
+ 49 35 45 6 31 36 29 36 17 24 33 25
+ 49 29 13 11 30 42 39 3 25 38 25 29 13 18 13 12 43
+ 6 36 29 13 33 17 24 33 25 29 15 41 36 24 33 25 24 33 28
- 27 11 11 37 0 27
- 6 29 29 32 36
+ 49 35 45 6 31 36 24
- 29 36 36 40 24 36 27
+ 6 31 37 36
- 46 13 19
- 33 15 48
- 24 7 8 33
- 22 6
+ 13 12 22 25 31 41 42 11 15 20 27 15 48 11
+ 13 15 36 29 13 33 25
+ 13 39 32
- 41 35 38
+ 7 22 39 6 31 31 37 31 26 33 17 24
- 8 1 41 26 33 25 24 15 33 28
+ 13 39 13 33 25 29 13 33 17
+ 49 6 32 9 22 19 0 36
- 6 41 19 36 24
- 11 43 31 43 18 43 27 43 27 43 27 15 20 27 15 20 27 43 27 43 27 11 15 20 27 43 27 15 20 27 15
- 6 31 37 37 37 7 31 26 33 17
- 6 31 37 26 33 17 19 24 33 22 25 14 24 33
- 24 30 0 36
- 33 41
- 7 22 17 22 43 45 43 43
- 49 41 8 38 1 35 23 29 44
+ 7 22 39 33 27 15 48
+ 49 6 2 16 11 11 43 27
+ 13 39 12 41 43 3 9
- 29 13 15 31 37 36 29 15 37 41 31 26 33 25
+ 7 41 18 7 8 16
+ 7 8 39 33 27 43 27
+ 6 26 33 17 29 12 43
- 13 44 15 26
- 33 27 43 27 43 41 11 11 43 27 15 48 11 11
- 27 27 40
- 6 37 31 31
+ 33 27 11 11 43 27 43 27 11 43 27 43 27 11 15 48 15 20 27 15 20 27 11 15 48 43 27 11 43 27 43 27 15 48 11 11
- 26 41
+ 13 39 15 37 26
- 40 42 3
- 47 4 12 43
- 23 13 13
- 33 27 43 27 15 48 11 43 27 43 27 5 27 43 27 43 27 11 15 48 15 11 27 15 20 27 11 11 43 27 15 20 27 43 27
- 49 32 26 27
+ 33 27 15 48 15 48 11 43 27 15 20 27 15 48 43 27 11 43 27 11 43 27 11 15 20 27 15
- 46 29
+ 7 22 25 11 6 9 22 11
- 32 0
- 13 33 8 30 37 13
- 2 8 35 8 49
+ 7 41 18 13 13 33 17 29 15 26 33 25
+ 6 31 31 37 37 41 31 41 36 24 33 28
- 42 35
- 11 11 15 20 27 43 27 43 27 11 15 48 43 27 11 11 43 11 11 15
+ 11 11 11 11 11 11 11 11
- 13 36
+ 7 41 18 40
+ 13 15 26 33 25 24
- 6 37 37 31 16 36 24 33 28
+ 6 37 36 24 33 28
- 9 33 17
+ 11 43 27 11 43 27 11 11 15 48 43 27 15 48 43 27 43 27
- 46 13 19
- 33 27 15 48 8 43 27 43 27 43 27
+ 11 11 15 20 27 11 15 48 43 27 15 48 43 27 43 27 11 15
+ 49 35 8 24 16 13
- 33 27 15 20 27 43 27 43
+ 6 41 26 33 17 24 33 25 29 13
+ 49 35 4 27 17 30
- 7 8 33 16
- 7 41 17 12 5 49 41 6 6 6 6
- 26 27 15 20 4 27
- 11 48 30 40
- 46
- 23 13 13
- 15 33 13
+ 33 27 43 27 15 20 27 11 43 27 15 48 43 27 43 27 43 27
+ 13 36 17 29 13 33 25 24 33 28
+ 6 36 29 15 31 26 33 17 24 33 17 29 39 46 41
- 18 38 6 43 27
- 49 30 16 38
- 7
+ 6 41 37 31 26 33 25 29 36 25 29 39 32
- 18 49 29 3
- 33 27 15 20 27 43 27 15 48 15 48 43 27 43 27 11 11 43 27 11 27
+ 33 27 11 11 15 20 27 15
+ 13 36 25 24 33 17 24 33 17 29 12 43
+ 49 30 42 10 29 7 8 24 16 6 31 26 33 17
- 49 29 36 28 13 43
+ 33 27 43 27 11 11 11 15 20 27 43 27 11 15 20 27 11 43 27 11
+ 6 41 26 33 17 24 33 25 29 13
+ 33 27 15 20 27 15 20 27 43 27 15 48 15 48 15 20 27
- 41
- 42
+ 11 15 20 27 15 20 27 11 11 11 43 27
- 11 22 11 43 27 21 27
- 22 40
+ 49 30 11 4 22 40 4 22 40 3 47 22 40 12 12 23
- 7 41 6 2 16 6 41 36 24 33 17 29 39 46 16
- 11 15 7 11 11
+ 13 36 25 24 33 17 24 33 28
- 33 27 43 27 20
+ 6 26 33 17 29 36 25 29 12 43
+ 6 31 41 26
+ 6 31 37 31 37 41 36 29 12 8 25 43 45 6 41 31 37 31 26 33 25 29 32
- 46 40
+ 33 27 15 20 27 11 43 27 11 15 20 27 15 20 27 43 27
- 22 39 49 6 45 27
- 11 11 15 46 15 48 15 48
- 40 39 32
+ 49 41 19 41 41 0 15 22 12 19 12 31 8 14 14
+ 7 41 43 45 7 41 42 49
- 11 15 20 27 15 48 2 7 39 11
- 21 7
- 40 39 32
- 22
+ 11 15 20 27 43 27 43 27 15 48 11
- 6 41 40 43 29 36 17 29 24 39 2 46 25 27 7 43
- 7 41 43 45 49 35 3 25 23 30 35 27
- 23 11
- 13 36 0 42
- 33 15 28
- 38 26 33 28
+ 13 15 26 33 28
+ 11 43 27 15 48 15 48 11 15 48 15 20 27 15
- 6 36 24 33 43 13 28
- 13 29 41 39 34 17 29 46 34
- 33 27 15 20 49 11 43 27 11 27 11 11 43 27
- 13 15 30 37 41 26
+ 7 22 39 6 31 31 37 31 26 33 17 24
+ 13 12 8 25 42 40
+ 13 36 17 29 12 8 34
- 11 15 20 27 43 27 31 41 15
- 11 15 36 46 20 26 27 19 48 15
+ 11 43 27 43 27 43 27
+ 33 27 43 27 15 48 15 20 27 15 48 15 20 27 11
- 22
+ 11 43 27 15 48 15 48 11 15 48 15 20 27 15
- 6 37 31 31
- 10 37 43 27
+ 11 15 48 15 20 27 11 15 48 11
+ 13 12 41 43 3 9 35 25 29 44
- 9 33 17
- 6 36 24 33 27
- 21 7
- 29 0
+ 49 29 36 13 42 40
- 33 27 34 15 20 27 15
+ 13 39 15 37 26
+ 49 41 19 15 0 2 23 29 36 36 36 13 18 40
- 6 28 29
+ 6 41 36 24 33 17 29 12 8 41
+ 33 27 15 48 15 48 15 48 11 11 43 27 15 20 27 43 27 15
- 46
- 11 10 18 11 27
- 47 4 12 43
- 11 43 43 27 15 20 27 20 48 27 15
- 49 23 40 9
- 11 15 48 43 27 6 15 27 15
+ 6 41 41 36 24 33 17
- 11 15 48 11 43 27 43 27 11 43 27 15 33 20 27 43 27
+ 11 11 43 27 11 43 27
+ 6 31 41 41 36 24
+ 11 11 15 20 27 11 15 48 43 27 15 48 43 27 43 27 11 15
+ 7 41 42 6 31 26 33 17 24 33 25 29 46 34
- 3 18 17
- 4 23 15
- 12 36 24
+ 13 15 41 31 37 31 31 41 41 36 24 33 28
- 33 27 21 14 27 15 20 27 15 48 45 27 11 43 27 43 27 11
+ 11 11 43 27 11 11 11 11 15 20 27 15 20 27 43 27 43 27 43 27 11 15
+ 49 30 42 10 29 7 8 24 16 6 31 26 33 17
+ 13 12 22 17 20
- 49 33 27 43 27 15
- 6 41 41 36 24 33 25 33 17 44 24 33 28
- 33 18 27
- 7 39 42 33 27
- 43 21 28 27 20 27
- 6 26 33 17 29 46
+ 11 11 43 27 11 11 11 11 15 20 27 15 20 27 43 27 43 27 43 27 11 15
+ 6 31 37 36 29 15 31 36 24 33 17 24 33 17 29 32
- 7 26 13 31 13 26
+ 11 11 15 20 27 43 27 43 27 11 15 48 43 27 11 43 27 43 27 11 43 27 43 27 15
+ 49 30 24
- 8 33
+ 13 39 15 36 24 33 25
- 7
- 33 27 27 15 27 43 27 43 27 22 15 48 43 27
+ 6 31 37 41 26 33 28
+ 49 35 3 47 0 41 22 40 12 31 19 49 31 1 23 6 2
+ 33 27 43 27 43 27 15 48 15 20 27 15 20 27 11 43 27
+ 7 22 25 31 41 11 30 0 36
+ 11 11 11 15 20 27 11 15 20 27 43 27 43 27 15
+ 6 31 41 36 29 36 17 24
- 7 39 42 33 27
- 24 30 0 36
+ 49 30 11 4 22 40 4 22 40 3 47 22 40 12 12 23
+ 7 41 31 8 34
+ 11 11 15 48 43 27 43 27 11 43 27 11 43 27 11 15 48 15
+ 7 22 39 6 36 29
- 6 41 41 37 26 33 24 28
+ 49 41 19 49 1 41 1 23 41 14 12 31 45 9
- 18 15 37 9 29 46 34
+ 49 30 45 15 25 22 32 40 8 29 29 24 16 11 15 20 27
- 18 28
- 39 48 27
- 11 25 15
+ 11 15 48 15
- 18 19
- 28 2 5 6 41 31 26
- 6 26 33 32 38 28
+ 13 39 36 25 24 33 28
+ 49 6 39 26 29 34 27 15 43 26 31 9 27 7 38 9 16
- 42
+ 6 31 37 36 29 15 31 36 24 33 17 24 33 17 29 32
+ 6 37 31 37 31 37 26 33 25
- 33 27 39 27
+ 49 35 9 16 11 43 27 15 20 27
- 33 27 15 20 27 11 11 43 27 15 20 27 43 26 27 11 43 27 43 27
+ 11 43 27 11 43 27 11 15
+ 7 41 42 7 43
- 22
- 33 27 15 48 43 27 16 15
- 35 46 17 25 17
- 10 43 44 4 40
+ 49 29 13 11 30 42 39 3 25 38 25 29 13 18 13 12 43
- 11 24 25 35
- 49 48 8 14
+ 33 27 11 43 27 43 27 43 27 43 27 15 20 27 43 27 11 43 27 11 43 27 15 48 43 27 15 20 27 11 15 20 27 15
- 49 38 29 44
+ 6 36 29 13 33 17 24 33 25 29 15 41 36 24 33 25 24 33 28
- 33 27 46 43 49 14 43 30 27
- 28 2 5 6 41 31 26
+ 13 36 25 29 13 33 28
- 21 2 26 33 17 24 29 31
- 7 8 27 8 40
+ 11 43 27 11 15 20 27 11 15 48 43 27 15
- 32 0
+ 33 27 43 27 15 48 43 27 15 48 15
- 33 27 43 27 15 27 11 43 27 43 27 11 43 27 43 27 43 27 14 11
- 29 0
- 6 31 36 46 34
+ 6 37 37 37 37 41 36 29
- 33 6
+ 33 27 43 27 15 48 43 27 15 20 27 15
- 45 7 18 41
+ 6 41 36 29 36 25 24
- 18 38 6 43 27
- 26 35 25
- 6 26 33 32 38 28
+ 11 11
+ 11 11 11 11 43 27 15
- 8 6 16 26 33 17 29
- 33 27 34 15 20 27 15
- 33 27 5 15 48 43 27
- 49 35 8 48
+ 13 12 22 17 20
+ 11 11
- 8 33
+ 11 11 11 11 11 11 11 11
+ 33 27 43 27 11 15 48
+ 33 27 15 48 11 15 48 15 48 15 48 43 27 11 15 20 27 43 27 43 27 43 27
- 7 8 33 16
- 41
- 46 8 16
- 7 8 27 8 40
- 33 27 20 15 11
- 33 15 18 20 43 27 15 27
- 6 36 39 29 32
- 42 15 44 34
+ 49 35 8 29 44 24 16 7 41 11 29 44
+ 6 37 31 31 31 41 37 37 41 41 26
- 12 31 37 26 36 33 25 29 39 13 33 17 24 33
+ 49 35 25 29 13 11 6 2
+ 13 13 33 17 24 33 28
+ 6 31 31 37 26 33 25 29 46 36
- 39 48 27
- 33 27 19 14 39
- 13 43 14 39 12 41 29 40
+ 11 11 11 43 27 43 27 11 15 20 27 43 27 43 27 43 27
- 20 18 16
- 33 27 46 43 49 14 43 30 27
- 18 28
- 33 27 43 27 15 48 11 43 27 43 27 5 27 43 27 43 27 11 15 48 15 11 27 15 20 27 11 11 43 27 15 20 27 43 27
+ 49 29 36 36 36 36 36 13 11 41 8 14 14 14 14 14 14 14 14 14
+ 11 43 27 43 27 15 20 27 15 48 43 27
+ 49 30 11 8 29 49 33
- 6 26 38 33 17 29 4 15 37 37 31 31 31 26 33 29 46 41
- 49 29 13 42 44 14 35 32 39 13 32
+ 6 31 36 29 13 33 28
- 8 6 16 26 33 17 29
- 49 8 17 49 33
- 6 41 26 33 42
- 49 30 16 38
+ 7 22 25 11 6 2 16 6 31 26
- 18 19
- 11 15 46 13 11
- 27 11 11 37 0 27
- 49 30 45 3 4 11
+ 7 41 11 41 19 43 7 23
+ 6 41 31 37 41 31 31 26 33 17 24 33 25 29 13 33 25 29 39 15 41 37 36 24 33 25 29 46 36
- 46 40
- 16 30 12
- 6 36 29 12 32 17 20
- 11 49 35 4 27 1 15 22 31
+ 11 43 27 43 27 11 11 43 27 11 11 15 48 11 11 43 27 15 20 27 11 43 27 43 27 11 15 48 11 15 20 27 15 48 43 27
+ 11 11
+ 13 12 8 25 18 40
- 7 8 17
- 41 26 41 16 26 24 28
+ 11 43 27 43 27 11 11 43 27 11 11 15 48 11 11 43 27 15 20 27 11 43 27 43 27 11 15 48 11 15 20 27 15 48 43 27
- 49 41 8 38 1 35 23 29 44
+ 7 8 39
+ 7 41 18 13 13 33 17 29 15 26 33 25
+ 13 15 36 29 13 33 28
- 33 27 43 27 11 43 15 27 43 27 43 27 15 20 27 11 43 27 11 11 15 48 43 27
+ 6 41 37 37 31 37 37 41 26
+ 6 31 41 36 29 36 17 24
+ 33 27 15 20 27 11 43 27 11 15 20 27 15 20 27 43 27
- 33 27 39 27
- 12 36 24
+ 6 41 36 24 33 17 29
+ 13 46 39 33 27 15 20 27
- 49 6 9 37 23 27
- 11 15 48 43 27 6 15 27 15
+ 13 39 15 36 24 33 25
- 6 31 37 26 33 17 19 24 33 22 25 14 24 33
+ 33 27 15 48 11 15 20 27 11 43 27 15
+ 13 12 41 43 3 9 6 11
- 13 32 33 22 38 24
+ 13 39 32
- 33 27 43 27 43 2 27 43 27 15
+ 6 36 29 15 31 26 33 17 24 33 17 29 39 46 41
- 11 19 15 20 27 15 20 27
+ 49 41 19 0 22 40 12 1 30 12
- 46
- 26 36 7 16 41 31 10
- 33 27 15 20 27 11 11 43 27 15 20 27 43 26 27 11 43 27 43 27
- 7 41 17 12 5 49 41 6 6 6 6
+ 7 8 25 11 30 0 22 9 22 19 12
- 7 41 17 12 25 49 40 41
+ 6 36 24 33 25 24 33 25 24 33 25
+ 7 41 43 45 6 36 29 32
- 11 11 15 20 27 43 27 43 27 11 15 48 43 27 11 11 43 11 11 15
+ 49 41 1 38 4 36
- 41 26 41 16 26 24 28
- 33 27 43 27 41 27 15 6 15
+ 11 11 11 43 27 43 27 15 48 43 27 15 48 15
- 6 37 41 34 31 36 29 16 32 28
- 12 7
- 37 17 29 29
+ 49 41 1 38 25 35 3 25 23 30 38
- 33 13 36 25 21 15 37 36 29 32
+ 6 31 37 31 41 36 24 33 25 24 33 28
- 46
+ 6 31 31 41 41 41 26 33 17
+ 11 11
- 42 15 44 34
- 7
+ 6 31 41 26
- 7 8 17
+ 49 35 8 24 16 33 27
+ 6 37 37 41 37 31 36 24 33 17 29 15 37 41 36 29 46 36
+ 7 22 39 6 36 24 33 17
+ 7 41 18 40
+ 49 41 14 40 40 12 1 29 44
+ 49 29 13 11 6 9 22 19 12
+ 13 15 41 41 36 29 36 25 29 12 8 25 42 33 27
- 26 33 28
- 7 26 13 31 13 26
+ 7 41 18 33 27 11 43 27 43 27 43 27 11
- 25 4 13
- 8 7 22 41
- 7 8 39 49 34 6 12 33
- 49 1 47 1 36
- 42
- 11 15 20 13 27 11 43 27 15 7
- 6 26 33 25 29 41 13
- 33 27 9 27 15 48 11 43 7 27
- 49 35 4 22 42 3 30 12
- 6 36 31 41 45
+ 11 15 48 15
+ 13 36 25 29 13 33 28
+ 6 31 41 41 36 24
- 6 36 38 24 22 27 29 40 32
- 6 37 41 37 41 37 31 31 49 26 33 25 24
+ 6 37 31 31 31 41 37 37 41 41 26
+ 49 30 11 45 13 36 28
- 42
- 22 39 49 6 45 27
- 11 11 43 27 11 11 15 48 43 27 43 43 27 43 15 41 20 27 15 20 27
- 13 44 15 26
- 38 26 33 28
- 6 29 29 32 36
- 27 7
+ 13 15 37 31 41 41 37 36
- 33 27 43 27 43 27 10 27 15
+ 49 30 45 15 25 22 32 40 8 29 29 24 16 11 15 20 27
- 6 41 41 37 26 33 24 28
+ 11 15 48 11 11 15
- 6 26 33 17 29 46
+ 7 22 25 11 6 2 16 6 31 26
- 49 29 13 42 44 14 35 32 39 13 32
- 13 15 30 37 41 26
- 39 40
+ 11 43 27 43 27 11 11 15
+ 11 11 43 27 43 27 11 15 20 27 43 27 15 48 15 48 43 27 43 27 43 27 43 27 15
- 2 13 15 27 9 15
- 6 36 29 36 29
- 7 41 43 45 49 35 3 25 23 30 35 27
- 24 21 11 16 25 27 7 22
- 7
+ 49 29 36 36 36 36 36 13 11 41 8 14 14 14 14 14 14 14 14 14
+ 49 35 25 29 36 13 18 6 41 26
- 6 7 26 33 25 29 15 26 33 17 29 12 8 41
+ 49 6 39 26 29 34 27 15 43 26 31 9 27 7 38 9 16
+ 6 37 37 26 33 17 29 32
+ 33 27 43 27 15 20 27 43 27 43 27 15
+ 49 41 19 41 43 17
+ 33 27 15 48 11 15 48 15 48 15 48 43 27 11 15 20 27 43 27 43 27 43 27
+ 13 12 41 11 30 12
+ 33 27 43 27 15 48 15 20 27 15 48 15 20 27 11
- 49 35 25 33 19 38 15 15 49 31
- 11 15 20 27 11 15 48 15 20 27 11 15 48 49 35 11 11 11 15 20 27 43 27
+ 7 41 18 49
- 13 22 10 27 41
+ 11 11 15 48 43 27 43 27 11 43 27 11 43 27 11 15 48 15
- 11 43 18 27
+ 6 36 29 15 37 26
- 18 17 46 36 24 33 28
+ 7 22 25 11 35 4 36
- 43 7 11
+ 7 41 18 33 27 11 43 27 43 27 43 27 11
- 49 1 47 1 36
+ 13 39 12 41 43 3 9
+ 11 11 11 43 27 43 27 15 48 43 27 15 48 15
+ 13 36 25 24 33 17 24 33 28
+ 33 27 11 43 27 43 27 43 27 43 27 15 20 27 43 27 11 43 27 11 43 27 15 48 43 27 15 20 27 11 15 20 27 15
- 11 48 30 40
- 33 27 15 20 49 11 43 27 11 27 11 11 43 27
- 6 37 37 31 16 36 24 33 28
+ 7 22 25 11 35 4 36
+ 6 37 37 26 33 17 29 32
- 6 36 24 33 43 13 28
- 33 27 15 48 43 27 7 15 20 27 11 43 27 43 27 43 27 27 43 27 43 27 43 27 11 15 48 15 20 27
- 6 37 40 36 24
+ 11 11 43 27 43 27
+ 7 41 43 45 6 36 29 32
+ 13 39 36 25 24 33 28
- 1 43 27 43 26 27 43
+ 13 15 41 31 37 31 31 41 41 36 24 33 28
- 11 15 20 31
+ 11 15 48 15 48 11 43 27 43 27 15 48 43 27 11 43 27
- 22 6
+ 6 41 36 24 33 17 29 12 8 41
+ 6 31 41 41 26 33 17
+ 33 27 43 27 15 20 27 43 27 43 27
- 6 31 31 41 37 26 17 29 15 26 33 28
- 6 41 19 36 24
- 22 29 16
+ 11 11 11 11 15 48 15 48 15
+ 7 22 39 6 36 24 33 17
+ 13 36 17 29 39 12 43
+ 13 46 39 33 27 15 20 27
- 49 35 8 48
+ 33 27 15 48 11 15 20 27 11 43 27 15
- 33 15 28
- 35 15 9 29 15 48
- 16 30 12
- 7 22 17 22 43 45 43 43
- 49 6 39 30 1 26 34 6 6 29 33 33 6 34 27 8 31 25 26
- 43 6 26 33 25 29 13 33 15
- 33 27 43 11 5 20 27 11 43 27
+ 49 30 24
- 6 32 36 33 28
+ 49 6 32 9 22 19 0 36
- 22 44
- 6 26 36 29 32
- 49 36 29 17
- 6 31 31 41 37 26 17 29 15 26 33 28
- 46 29
- 27 7
+ 6 41 37 26 33 28
- 26 48 36
+ 11 43 27 11 43 27 15 48 43 27 11 11 11 11
+ 49 41 14 40 40 12 1 29 36 13 42 13 32
+ 33 27 11 15 20 27 15 48 15 20 27
+ 49 41 19 41 43 17
+ 6 37 41 31 36 29 13
- 7 41 6 2 16 6 41 36 24 33 17 29 39 46 16
- 49 36 29 17
- 11 15 48 15 20 27 43 48
- 33 18 27
+ 13 12 41 11 30 12
- 33 27 43 27 43 2 27 43 27 15
+ 11 43 27 15 48 11 15 48 15
- 6 41 37 44 26 33 25 29 12 22 41
+ 11 15 48 15 20 27 11 15 48 11
- 16 49 6 32 19 42 10
- 13 6 48
+ 49 41 1 38 4 36
+ 33 27 11 11 15 20 27 11 11
+ 11 43 27 43 27 43 27
- 6 31 37 37 37 7 31 26 33 17
+ 49 35 25 41 1 38 9 16 49
- 11 15 48 11 11 15 20 27 43 27 43 27 11 15 48 11 43 27 11 11 42 15 48 11 15 48 11 11 43 27 15 20 11 15 48 43 27
- 33 27 15 48 11 15 6 43 27 43 27 43 27 11 11 43 27 43 27 11 27
- 7
+ 6 31 37 31 41 36 24 33 25 24 33 28
- 23 49 19 35
- 6 41 40 43 29 36 17 29 24 39 2 46 25 27 7 43
+ 49 35 8 29 44 24 16 7 41 11 29 44
+ 33 27 11 43 27 15 20 27 11 11 11 11 11 43 27 11 15 48
- 11 26 6 48
- 41
- 33 16 48
+ 33 27 15 48 15 48 15 48 11 11 43 27 15 20 27 43 27 15
+ 49 30 42 15 31 43
+ 11 15 20 27 11 43 27 15 20 27
+ 13 12 8 39 13 32
- 33 27 5 15 48 43 27
- 49 8 17 49 33
+ 33 27 15 20 27 43 27 43 27
+ 33 27 43 27 43 27 11 11 43 27 11 15 20 27
- 2 8 35 8 49
- 6 32 36 33 28
+ 49 6 39 26 33 34 34 33 27 18 6 34 33 6 33 34 29 33 27 31 26 9 30 9 30 9 30
- 33 15 18 20 43 27 15 27
- 13 39 39 39 15 26 18 42
+ 13 15 36 29 13 33 28
- 6 41 41 24
- 11 15 20 27 43 27 43 49 27 43 27 11 43 27 15 48 15 20 27
+ 6 31 36 29 39 32
- 44 18 36 43
- 24 12
- 33 27 15 20 27 43 27 15 48 15 48 43 27 43 27 11 11 43 27 11 27
- 7 41 31 22 13
+ 13 46 39 49 30 38
- 6 31 26 33 17 24 26 17 29 36 17 24
+ 33 27 11 11 11 43 27 15 20 27 11 43 27 11 11 11 43 27 11 11 11 15 20 27 11 15 48 43 27 11 43 27
+ 6 31 41 41 36 29 32
- 49 45 40
+ 6 31 36 29 13 33 28
- 33 15 48
+ 7 8 25 42 40
- 6 31 31 37 37 31 26 33 17 27 28
+ 13 15 41 41 36 29 36 25 29 12 8 25 42 33 27
- 15 41 37 37 6 32
- 49 28 14 40 3 23 23 30
+ 33 27 43 27 15 20 27 11 11 43 27 11 15
+ 6 41 36 29 36 25 24
- 42 35
- 33 27 15 48 8 43 27 43 27 43 27
- 6 26 33 25 29 41 13
- 13 17 34
- 12 6 8 16
+ 33 27 43 27 15 48 43 27 15 48 15
- 16 36 37 25 29 17 24 33 2 29 36 28
- 6 7 26 33 25 29 15 26 33 17 29 12 8 41
- 25 4 13
+ 11 15 48 15 48 11 11 11
- 30 49 35 22 25 38 2
- 35 46 17 25 17
- 24 41 37 41 37 26 49 28
+ 13 12 22 25 31 41 42 11 15 20 27 15 48 11
- 11 26 6 48
+ 33 27 43 27 11 11 11 43 27 15 20 27 11 11 11 43 27 43 27
- 23 38 44
- 33 27 43 27 43 27 43 15 27 43 27 11 11 15 20
+ 13 39 32
- 11 18 43
+ 49 29 36 13 11 41 1 38 4 27 32 16 27 4 11
+ 11 43 27 43 27 11 11 15
- 6 36 30 33 25 24
- 35 15 9 29 15 48
- 33 27 15 48 43 27 16 15
+ 6 37 37 37 37 41 36 29
- 10 33 27
- 49 35 9 17 16 33 27 43 27 31 15
- 11 43 27 43 11
+ 13 39 32
- 26 48 36
- 26 43
- 44 18 36 43
- 13 32 33 22 38 24
+ 49 41 19 0 22 40 12 1 30 12
+ 49 29 13 31 41 31 22 16
+ 6 41 41 36 24 33 17
- 0 29 40
+ 6 41 31 37 41 31 31 26 33 17 24 33 25 29 13 33 25 29 39 15 41 37 36 24 33 25 29 46 36
- 17 2
- 46 25 11 6 32 39 26 33 6 29 29 33 27 15 26 34 34 29 33 34 27 15 1 43 13 6 33 33 6 33 29 27 31 39 1 26 29 33 27
- 32 6 9
+ 6 31 31 37 37 41 31 41 36 24 33 28
+ 13 12 41 43 3 9 6 11
- 6 41 37 44 26 33 25 29 12 22 41
+ 6 26 33 17 29 36 25 29 12 43
- 18 17 46 36 24 33 28
+ 33 27 43 27 43 27 15 20 27 11 43 27 11 11 43 27 11 11 11 43 27 43 27 43 27 43 27 43 27 15 20 27 15 48 43 27 43 27 11 11
- 33 27 18 43 43 27 15 20 9
+ 7 41 11 41 19 43 7 23
- 6 0
- 11 15 48 11 43 27 43 27 11 43 27 15 33 20 27 43 27
+ 33 27 43 27 43 27 15 48
+ 33 27 15 20 27 15 48 15 48 15
- 26 27 15 20 4 27
+ 13 15 26 33 17 24 33 17 24 33 28
- 22
+ 6 31 41 41 41 37 26
- 33 27 43 27 41 27 15 6 15
+ 49 29 36 13 11 41 1 38 4 27 32 16 27 4 11
- 29 49 6
+ 6 31 41 41 41 37 26
+ 11 43 27 43 27 15 20 27
+ 33 27 15 20 27 43 27 43 27
- 49 35 4 22 42 3 30 12
- 6 37 41 37 41 17 22 36 24
+ 13 15 26 33 28
- 33 27 21 14 27 15 20 27 15 48 45 27 11 43 27 43 27 11
- 6 31 36 46 34
- 31 31 26 17 24
+ 13 46 39 7 43
+ 11 15 48 15 48 11 11 11
+ 11 11
+ 11 15 48 15 48 11 43 27 43 27 15 48 43 27 11 43 27
- 41 46 22 49 31 8 14 14
+ 49 35 25 29 13 11 6 2
- 30 49 35 22 25 38 2
- 3 9 6 41 36 24 26
- 15 43 33 25 29 36 17
- 7 41 17 12 25 49 40 41
- 33 27 19 14 39
- 11 43 27 43 27 15 20 11 11
- 7 22 25 18 11 3 43 19 27 15 48 43 27 11 15 20 27 15 20 27 27 11 15
+ 13 39 32
- 12 31 37 26 36 33 25 29 39 13 33 17 24 33
- 6 36 24 33 27
- 28 11 15
- 33 27 43 27 43 27 10 27 15
+ 33 27 11 15 20 27 11 11 11 11 43 27 43 27 43 27 11 43 27 15 20 27 11 43 27 15 48 11 15 20 27 43 27 11 43 27 15 20 27
+ 49 41 1 23 41 45 47 43 15 46 4 26
- 49 31 24
+ 49 41 1 38 25 35 3 25 23 30 38
+ 7 41 18 7 8 16
- 15 37
- 11 4 43 27 11 15 20 27
+ 33 27 11 11 15 20 27 15
- 33 27 15 48 11 15 6 43 27 43 27 43 27 11 11 43 27 43 27 11 27
- 12 6 8 16
- 46 8 16
+ 49 29 13 43 8 49 33 16 11 15 20 27 11
- 6 31 41 41 36 29 17 29 36 25 29 13 33 25 29 36 17 29 40 46 17 22
- 21 2 26 33 17 24 29 31
+ 13 39 36 17 24 33 28
+ 13 39 13 33 25 24 33 17 24
+ 11 11 15 48 15 20 27 43 27 11 11 43 27 11
- 15 49 29 19 33 13 31 22 16
+ 13 12 8 25 18 40
+ 49 29 13 31 41 31 22 16
- 33 27 43 27 15 27 11 43 27 43 27 11 43 27 43 27 43 27 14 11
+ 13 12 41 43 3 9 35 25 29 44
- 46 48 1
+ 33 27 11 11 11 43 27 15 20 27 11 43 27 11 11 11 43 27 11 11 11 15 20 27 11 15 48 43 27 11 43 27
- 33 13 36 25 21 15 37 36 29 32
+ 49 35 45 6 31 36 24
+ 6 37 37 41 37 31 36 24 33 17 29 15 37 41 36 29 46 36
- 35 29 44
+ 33 27 43 27 15 20 27 43 27 43 27 15
- 45 6
- 29 36 36 40 24 36 27
- 6 41 31 15 49 37 25 31 41 36 29 39 32
- 41 40
- 11 18 43
+ 49 35 4 27 17 30
- 43 21 28 27 20 27
- 49 31 24
- 35 3 11 10 20 32 27 15
- 11 15 20 27 11 15 48 15 20 27 11 15 48 49 35 11 11 11 15 20 27 43 27
- 13 36 0 42
- 22 29 16
- 20 18 16
+ 33 27 43 27 15 48 43 27 43 27 43 27 15
- 45 6
- 22 44
+ 11 11 11 11 15 48 15 48 15
+ 49 6 39 43 26 31 2 16 7 22 25 18 7 43
- 13 12 22 22 20
+ 7 22 25 11 6 9 22 11
- 49 48 8 14
+ 6 37 41 31 36 29 13
- 2 41 26
- 32 11
+ 6 36 24 33 25 29 39 36 28
+ 49 30 42 10 29 7 3 25 23 6 9 36
- 11 15 20 27 15 48 2 7 39 11
+ 11 15 20 27 15 20 27 11 11 15 20 27 11 11 43 27 11 15 20 27 43 27 11 11 15 48 11 43 27 43 27 11 15 48 11 43 27 11 43 27 43 27 15 20 27 15 48 15
+ 11 11
- 49 35 47 0 41 41 49 12 23 35 9 43 33 27 11 7 11 11 11 15 20 42 27 15
- 26 36 7 16 41 31 10
+ 11 43 27 15 48
- 33 27 20 15 11
+ 49 35 8 24 16 13
- 6 4 8 16
+ 6 31 37 26 33 25
- 28 13 32
+ 7 22 39 6 36 29
+ 13 39 36 17 24 33 28
- 7 6 26 33 25 29 16
- 32 11
- 43 6 26 33 25 29 13 33 15
- 34 11
- 33 27 43 27 20
+ 11 15 20 27 15 20 27 11 11 15 20 27 11 11 43 27 11 15 20 27 43 27 11 11 15 48 11 43 27 43 27 11 15 48 11 43 27 11 43 27 43 27 15 20 27 15 48 15
- 16 49 6 32 19 42 10
- 6 37 40 36 24
- 24 41 37 41 37 26 49 28
- 29 13 15 31 37 36 29 15 37 41 31 26 33 25
- 7 41 31 22 13
+ 7 41 42 33 27 43 27 11 11 15 20 27 11 15 20 27 11 15 48 11 11 11
+ 6 31 37 31 31 31 41 26
+ 11 15 20 27 11 43 27 15 20 27
- 49 32 26 27
+ 49 6 39 26 33 34 34 33 27 18 6 34 33 6 33 34 29 33 27 31 26 9 30 9 30 9 30
+ 49 30 45 15 39
- 49 41 2 0 7 12 31 19 25 36
- 11 15 46 13 11
+ 33 27 43 27 15 48 43 27 43 27 43 27 15
+ 7 8 25 42 40
+ 11 11 43 27 43 27 11 15 20 27 43 27 15 48 15 48 43 27 43 27 43 27 43 27 15
+ 11 15 48 15 48 11 43 27 43 27 43 27 43 27 11 43 27 15 48 15 48 11 15 48
+ 13 15 37 31 41 41 37 36
- 26 43
+ 6 31 37 41 26 33 28
+ 13 15 37 37 31 37 41 37 37 31 37 41 26 33 28
+ 49 35 9 16 11 43 27 15 20 27
- 6 41 26 33 42
- 6 36 30 33 25 24
+ 13 12 22 25 31 43
- 11 15 20 27 43 27 31 41 15
+ 11 11
- 7 8 25 18 13 39 25 29
+ 13 12 8 39 13 32
- 6 0
+ 33 27 11 43 27 43 27 11 15 48 43 27 43 27 11
- 20 7 7 34
- 6 36 29 12 32 17 20
+ 33 27 15 48 43 27 11 15 48 43 27 11 11 43 27 43 27
