+
+
+
+
+
+
+
+
+
+
+
+
+
- 14
- 30
+ 6
- 76
- 29 29
+ 6 38
- 6 91
+ 70 91
+ 70 91
- 70 40
- 34 90
+ 6 52
- 30 16
+ 70 91
+ 6 77
- 49 91
+ 6 38
+ 70 91
+ 70 91
+ 6 52
- 24 18
+ 6 77
+ 70 91
+ 70 91
- 48 91
- 87 26 69
- 70 60 50
- 93 6 4
+ 70 2 38
+ 70 50 16
+ 6 77 52
+ 70 50 91
+ 70 50 91
- 35 37 6
- 70 66 2
+ 6 77 38
- 50 50 47
- 70 50 90 16
- 77 38 99 4
- 4 2 83 6 38
- 13 53 93 17 6
+ 6 38 4 45 6
- 10 60 70 33 36
- 70 21 50 18 16
+ 70 16 22 6 38
+ 70 50 16 22 6
- 6 77 29 17 38
- 70 2 80 70 16
- 70 50 50 70 91
+ 70 2 38 70 2 38
- 38 23 52 81 4 4
- 6 81 4 45 70 16
+ 6 38 45 6 29 38
- 26 97 74 61 25 4
+ 70 2 38 6 52 81
+ 70 16 22 6 52 81
+ 70 50 2 38 70 91
- 37 70 2 38 70 91
- 6 29 38 70 96 91
- 6 86 81 67 6 29 38
- 70 52 16 22 29 38 6
- 70 2 91 77 29 38 6
- 6 84 38 25 93 45 99
+ 6 52 81 4 45 70 91
+ 6 77 38 45 6 29 38
- 70 38 6 38 4 4 45 70
- 6 81 53 45 45 6 77 52
+ 6 52 81 45 6 77 29 38
- 18 77 44 29 70 50 82 91
+ 6 29 38 70 2 38 70 91
- 70 17 50 16 22 2 6 52
- 70 16 37 6 29 38 70 2 38
- 70 50 16 22 6 99 4 12 45
- 70 22 6 96 38 6 52 81 4 17
- 70 50 2 38 6 77 45 38 6 77
- 70 2 38 6 36 29 38 70 48 91
+ 6 52 81 45 70 2 38 70 16 22
- 70 50 2 38 6 59 66 96 52 81 45
+ 70 50 2 38 70 2 38 70 2 38 70 91
+ 70 16 22 70 50 2 38 70 50 50 16 22
+ 70 50 50 2 38 6 52 81 4 45 6 38 4
- 70 88 50 16 70 2 38 70 2 5 38 6 14
+ 70 2 38 70 16 22 70 16 22 6 77 38 4
- 6 77 77 77 77 29 38 70 50 2 33 70 50 85
- 6 52 81 45 70 50 50 22 50 2 38 6 77 38
- 6 52 81 45 70 16 22 6 52 81 4 45 70 97 91
- 6 81 4 45 70 50 50 2 70 45 50 16 22 70 2 38 70 50 91
