+
+
+
+
+
+
+
+
+
+
+
+
+
+
+
+
+
+
+
+
+
+
+
+
+
+
+
+
+
+
+
+
+
+
+
+
+
+
+
+
+
+
+
+
+
+
+
+
+
+
+
+
+
+
+
+
+
+
+
+
+
+
+
+
+
+
+
+
+
+
+
+
+
+
+
+
+
+
+
+
+
+
+
+
+
- 98
- 52
- 24
- 79
- 22
+ 6
- 38
+ 6
- 12
- 70
- 85
- 70
- 8
+ 6
- 16
- 14
+ 6
- 78
- 33
- 93
- 44
+ 6
+ 6
- 71
- 91
+ 6
- 69
+ 6
+ 6
+ 6
+ 6
- 30
+ 6
- 8
- 76
- 70
- 25
- 70 64
- 6 37
+ 70 91
- 95 91
+ 70 91
+ 70 91
+ 70 91
- 52 81
- 42 52
- 92 46
+ 70 16
- 16 22
+ 70 91
+ 70 91
- 70 24
- 7 91
- 70 29
+ 6 52
+ 6 52
+ 70 91
- 99 90
+ 70 91
- 31 38
+ 6 52
- 6 61
- 77 80
+ 70 91
- 29 29
- 34 81
+ 6 52
+ 70 91
+ 70 16
+ 70 91
+ 70 91
- 26 4
+ 70 91
+ 70 91
- 49 91
+ 70 91
+ 6 52
+ 70 91
- 34 90
- 20 91
- 70 40
+ 6 52
- 48 91
- 6 45
+ 70 91
+ 70 91
+ 6 52
+ 70 91
- 96 1
+ 70 91
+ 70 91
- 53 6
+ 6 52
+ 70 16
+ 70 91
+ 6 52
- 0 65
+ 70 91
- 49 16
+ 6 38
+ 70 91
- 31 16
+ 6 38
+ 6 52
- 90 16
+ 70 91
+ 6 52
+ 70 91
+ 6 38
+ 70 91
- 70 87
+ 70 91
+ 70 16
- 48 91
+ 6 77
+ 6 38
+ 6 52
+ 70 91
- 69 81
- 67 21
- 9 6
+ 70 91
+ 70 91
+ 70 91
+ 70 91
+ 70 91
- 65 77
- 70 38
+ 70 91
+ 6 38
+ 70 91
+ 6 52
- 49 69
+ 6 77
+ 70 91
- 57 90
- 4 24
+ 70 91
- 39 72
- 30 16
+ 6 52
+ 70 91
+ 70 91
+ 6 77
- 24 18
+ 6 38
- 31 18
+ 70 16
+ 70 91
- 6 17
- 98 31
+ 70 91
- 51 8
+ 70 91
+ 70 91
+ 70 91
- 70 32
- 73 52
- 66 54
- 6 4
- 36 52
+ 6 38
+ 70 91
- 6 91
+ 6 52
- 96 70
+ 70 91
+ 70 91
- 79 47
- 9 91
+ 70 16
- 54 91
+ 6 38
+ 70 16 22
+ 70 2 38
+ 70 2 38
- 29 38 16
- 70 50 94
- 34 70 88
- 50 50 47
- 98 12 87
+ 6 29 38
+ 70 50 16
- 6 85 38
+ 6 52 81
- 70 77 91
+ 6 38 4
- 6 77 55
- 92 70 91
- 6 61 72
- 70 66 2
+ 6 38 4
+ 6 77 52
+ 6 38 45
- 73 70 58
+ 6 38 4
- 68 85 6
- 70 61 16
+ 70 2 38
+ 70 50 91
+ 6 29 38
- 70 41 50
- 53 93 52
- 70 27 91
- 70 50 78
- 18 97 81
- 6 48 72
+ 70 2 38
+ 6 38 45
+ 6 29 38
- 70 60 50
- 6 38 70
+ 70 50 91
- 16 98 95
- 93 6 4
+ 6 38 45
- 24 79 29
- 87 26 69
- 35 37 6
- 97 29 91
- 38 47 50
- 55 70 69
+ 6 29 38
- 40 38 4
- 97 92 6
+ 70 50 91
- 36 6 38
- 70 92 50
- 70 40 22
- 86 16 22
+ 70 16 22
+ 6 52 81
+ 6 77 38
- 9 33 16
+ 70 50 91
+ 70 50 91
- 70 57 22
- 6 52 97
- 70 18 91
+ 70 50 91
- 29 38 38
+ 6 29 38
- 7 2 84
+ 6 77 52
+ 6 77 52
- 43 20 70
- 50 78 77
- 65 11 62
+ 6 38 4
- 64 70 91
+ 70 50 91
- 66 70 91
+ 70 16 22
+ 6 52 81
- 6 33 38
- 70 49 38
- 38 93 90
+ 6 29 38
- 70 70 91
- 88 47 82
- 49 70 93
+ 70 2 38
- 89 54 70
+ 70 50 91
- 29 70 91
+ 70 2 38
- 40 6 51
- 38 88 91
+ 6 52 81
+ 70 50 16
- 39 15 29
- 85 70 26
- 6 38 62
+ 70 50 91
- 11 30 37
- 6 77 77 40
- 70 64 47 91
- 85 52 16 38
- 90 36 90 91
- 6 40 29 52
+ 70 50 50 16
- 41 60 67 6
+ 6 38 4 45
- 33 70 78 91
- 3 18 70 59
- 31 88 21 38
- 6 85 29 38
+ 6 52 81 4
+ 6 77 77 38
- 62 52 81 45
- 6 38 45 16
- 81 4 45 6
- 17 6 97 81
- 77 38 99 4
+ 6 52 81 4
- 6 52 99 81
- 70 93 16 22
- 30 6 29 38
+ 70 50 50 91
+ 6 52 81 4
+ 6 52 81 45
- 65 72 87 91
- 55 53 82 52
+ 70 2 38 6
- 41 38 5 45
- 6 77 77 70
- 70 50 90 16
- 95 42 50 2
- 70 87 55 91
- 24 13 15 38
- 99 50 2 38
- 6 29 6 38
- 17 70 11 91
- 2 70 70 6
- 6 95 6 4
- 77 29 79 91
- 35 97 50 91
+ 6 52 81 45
- 70 30 50 91
+ 70 50 2 38
- 79 6 29 38
- 48 50 50 91
+ 6 29 38 6
+ 70 50 16 22
- 6 13 21 81
- 70 50 59 90
- 72 42 6 77
- 70 38 70 91
- 90 38 4 4
- 92 51 70 91
- 70 50 98 87
+ 6 52 81 4
- 40 31 38 6
+ 70 50 16 22
+ 6 38 4 45
+ 6 77 38 4 4
+ 70 2 38 70 91
+ 6 38 4 45 6
+ 70 50 16 22 6
+ 6 29 38 70 91
+ 6 77 52 81 45
+ 6 52 81 4 45
+ 70 2 38 70 91
+ 6 52 81 45 6
+ 6 52 81 4 45
- 70 2 80 70 16
- 70 21 50 18 16
+ 70 16 22 6 52
- 6 80 38 45 70
+ 6 38 45 70 91
+ 6 77 38 45 6
- 10 60 70 33 36
- 6 77 29 17 38
- 61 44 29 38 6
+ 70 16 22 6 38
- 70 50 50 70 91
+ 6 29 38 6 38
+ 70 2 38 6 38
+ 6 38 45 6 52
- 30 55 7 70 91
- 70 38 70 50 91
+ 70 2 38 70 16
- 64 77 38 2 4
+ 6 29 38 6 52
+ 6 29 38 70 91
- 31 4 70 23 91
+ 6 77 77 77 38
- 6 52 52 4 45
- 13 53 93 17 6
- 6 1 97 38 45
+ 70 2 38 6 52
+ 70 50 16 22 6
- 6 25 45 4 45
+ 6 77 38 4 45
- 14 94 3 29 38
+ 6 29 38 70 91
- 49 6 45 87 30
+ 70 50 50 50 91
- 52 65 65 29 38
- 70 6 22 19 77
- 85 12 90 68 91
- 6 52 81 45 91
+ 70 16 22 70 91
- 94 63 39 50 91
- 64 91 6 77 52
- 6 60 52 81 45
+ 6 38 45 70 91
- 45 70 50 16 22
+ 6 38 45 70 91
+ 6 52 81 4 4
- 70 78 16 22 61
+ 6 77 29 38 6
+ 6 38 45 70 91
- 4 2 83 6 38
- 6 24 38 4 73
+ 70 2 38 70 91
- 80 16 22 1 91
+ 70 2 38 6 52
+ 6 29 38 70 91
- 6 29 38 70 96 91
+ 6 38 4 4 4 45
- 6 26 38 53 70 16
- 6 52 81 4 4 74
- 52 81 4 4 45 6
- 70 2 38 34 29 38
- 38 45 30 6 52 81
- 6 77 77 29 38 38
+ 6 77 77 77 29 38
+ 70 50 16 22 6 52
- 68 2 70 2 38 77
- 70 10 50 2 38 89
- 79 6 4 99 38 70
+ 6 38 4 4 45 6
- 26 97 74 61 25 4
+ 6 77 29 38 6 38
+ 6 38 45 6 29 38
- 70 50 41 79 89 50
+ 70 50 2 38 70 91
- 6 59 52 81 45 91
+ 70 2 38 6 77 38
+ 6 29 38 70 50 16
+ 70 50 2 38 6 52
- 70 50 2 38 13 91
- 6 81 4 45 70 16
+ 6 52 81 4 4 45
+ 6 29 38 70 50 91
- 70 50 2 50 2 38
+ 6 29 38 70 50 16
- 13 50 50 50 50 91
- 70 2 47 74 16 22
+ 70 2 38 70 2 38
+ 70 50 2 38 70 91
+ 6 38 4 45 70 91
+ 70 16 22 6 29 38
+ 70 2 38 70 50 91
- 70 16 22 70 82 94
+ 6 77 38 45 70 91
- 48 68 2 38 55 59
+ 70 2 38 70 2 38
- 38 23 52 81 4 4
- 27 50 51 90 50 91
+ 6 29 38 70 2 38
- 37 70 2 38 70 91
+ 70 50 16 22 70 16
+ 70 2 38 6 38 4
- 34 90 38 70 7 91
+ 70 50 2 38 6 38
- 13 87 29 93 70 91
- 70 50 18 50 26 91
- 70 2 90 32 70 16
+ 70 2 38 70 2 38
+ 70 16 22 6 52 81
+ 70 2 38 6 52 81
- 6 52 69 45 70 91
- 35 29 38 58 70 2 41
- 38 75 54 4 55 6 53
- 6 77 38 30 2 38 57
- 6 86 81 67 6 29 38
- 6 84 38 25 93 45 99
- 48 2 6 29 38 70 6
+ 70 2 38 70 50 2 38
- 70 2 38 46 70 2 38
+ 70 16 22 6 77 29 38
- 70 2 91 77 29 38 6
+ 6 77 52 81 4 4 4
- 6 38 55 90 72 41 6
- 6 29 38 70 65 74 22
- 6 29 66 38 34 70 91
- 70 34 90 38 6 52 45
- 70 52 16 22 29 38 6
- 70 70 16 22 70 50 16
- 91 27 17 6 44 29 52
+ 6 38 45 70 50 2 38
- 73 70 2 68 26 4 6
- 31 6 80 87 81 4 45
- 6 29 38 70 50 89 16
+ 70 16 22 6 77 38 45
- 78 70 2 38 1 38 52
- 28 34 37 16 22 6 52
+ 70 2 38 70 2 38 6
- 70 28 70 16 22 53 81
+ 6 77 38 45 6 29 38
- 70 50 2 68 70 2 38
+ 6 52 81 4 45 70 91
+ 6 38 4 45 6 38 45
- 71 6 29 38 64 68 91
+ 70 16 22 6 52 81 45
+ 70 50 2 38 6 29 38
- 2 38 6 38 4 6 52
- 6 43 29 38 62 70 91
- 82 38 45 6 1 6 52
- 6 29 9 38 6 38 45
- 16 2 38 6 38 45 70 91
+ 70 16 22 70 16 22 70 91
- 6 77 27 52 4 27 70 91
- 6 77 67 91 52 15 43 4
- 70 17 50 16 22 2 6 52
- 6 44 38 4 25 4 41 13
- 70 38 6 38 4 4 45 70
- 74 6 77 52 79 74 88 84
+ 6 77 52 81 45 6 29 38
- 6 29 38 81 98 52 81 4
- 70 2 70 58 6 52 4 45
+ 70 2 38 70 50 2 38 6
- 70 2 38 6 52 81 80 91
+ 70 16 22 70 16 22 70 16
- 6 81 53 45 45 6 77 52
- 70 27 22 6 77 38 72 91
- 6 77 29 38 6 38 67 34
+ 70 50 50 2 38 70 50 91
- 18 77 44 29 70 50 82 91
+ 6 29 38 6 29 38 70 91
+ 6 29 38 70 2 38 70 91
- 29 38 63 2 38 70 22 6
- 70 54 50 2 55 38 6 38
- 89 6 38 4 4 45 6 52
+ 70 16 22 6 52 81 4 4
+ 6 52 81 4 4 45 6 52
- 6 29 79 6 29 38 70 91
+ 6 52 81 45 6 77 29 38
+ 6 29 38 70 16 22 70 16
+ 6 29 38 70 16 22 70 91
- 6 77 77 77 52 81 45 70
- 6 72 38 4 45 23 70 64 75
+ 6 38 45 70 16 22 70 50 91
- 70 16 22 6 65 55 77 29 38
- 10 4 18 29 38 94 52 81 45
+ 70 16 22 6 77 77 38 4 45
+ 70 16 22 70 16 22 6 77 52
+ 6 29 38 70 50 2 38 70 91
- 70 60 2 38 70 16 5 2 38
- 6 77 77 52 3 45 6 77 52
+ 6 29 38 70 50 16 22 70 91
- 6 29 38 45 29 38 70 2 38
- 70 2 6 77 58 81 45 70 91
- 70 50 16 22 6 99 4 12 45
- 70 62 16 22 6 29 38 70 91
- 70 16 37 6 29 38 70 2 38
+ 6 77 38 4 4 45 70 50 91
- 6 38 45 70 16 22 2 38 77
- 70 2 43 6 38 45 6 74 45
+ 70 16 22 70 2 38 6 38 4
+ 70 16 22 6 38 4 4 4 4
- 70 16 22 70 50 35 60 70 91
- 83 70 2 38 70 2 38 38 4
- 70 16 22 6 43 29 6 81 45
+ 6 77 29 38 6 52 81 4 4
+ 70 50 50 16 22 6 52 81 4
- 4 6 52 81 4 4 4 21 45
- 70 2 38 6 36 29 38 70 48 91
+ 70 2 38 6 38 45 70 50 50 91
- 70 22 6 96 38 6 52 81 4 17
+ 6 52 81 45 70 2 38 70 16 22
+ 6 77 77 38 45 70 2 38 70 91
+ 6 29 38 6 52 81 4 45 70 16
+ 70 50 2 38 6 52 81 45 70 91
+ 70 2 38 6 77 77 29 38 6 38
- 6 52 1 81 70 50 2 38 70 91
- 6 52 70 16 62 22 70 50 2 38
- 70 50 2 38 6 77 45 38 6 77
- 6 13 9 38 17 77 37 2 38 45
- 3 2 38 6 29 38 70 2 12 38
- 6 38 38 4 45 70 23 38 70 91
- 70 2 38 2 47 50 2 38 70 91
- 63 38 45 6 77 77 96 36 58 45
+ 70 2 38 70 50 50 2 38 6 52
+ 6 29 38 6 38 4 45 70 2 38
+ 6 29 38 70 50 2 38 70 50 2 38
- 70 2 13 94 38 6 16 29 38 70 91
- 70 95 17 38 6 35 77 52 81 45 6
- 70 2 38 6 29 63 38 70 50 50 91
- 70 16 22 70 50 16 22 6 89 70 16
- 6 52 81 4 4 45 70 2 57 2 38
- 6 38 6 29 6 77 29 38 66 70 2
- 70 50 2 38 6 59 66 96 52 81 45
- 70 32 2 38 6 77 38 45 70 16 22
- 94 19 70 2 38 70 50 2 38 70 91
- 70 36 38 45 29 38 70 16 22 70 91
+ 70 50 2 38 6 77 52 81 45 70 91
+ 70 16 22 70 50 2 38 70 50 50 16 22
- 70 18 38 6 29 38 70 6 2 38 6 14
- 70 50 16 70 2 38 70 2 38 6 38 4
+ 70 16 22 6 77 77 29 38 70 50 2 38
- 6 52 81 6 29 38 11 44 50 63 2 38
+ 6 52 81 4 4 4 45 70 2 38 70 91
- 6 38 4 42 45 6 52 81 4 4 45 70
- 95 77 29 98 6 38 45 6 38 4 4 4
+ 70 50 2 38 70 2 38 70 2 38 70 91
- 70 16 22 6 38 74 49 6 29 38 70 91
+ 6 52 81 45 6 77 77 29 38 6 29 38
+ 6 38 45 6 77 52 81 4 45 70 2 38
- 70 2 38 43 67 38 6 77 29 38 6 52
- 70 66 55 50 95 50 50 2 46 6 38 4
- 95 77 38 45 5 29 77 4 58 6 77 52
- 70 16 34 64 60 42 70 50 2 38 70 91
- 6 29 67 70 64 38 70 16 70 2 38 70
- 50 2 38 70 67 38 6 77 77 52 81 45
+ 70 2 38 6 38 45 70 16 22 6 38 45
- 70 36 49 2 31 70 2 38 70 2 38 6
+ 70 2 38 70 16 22 70 16 22 6 77 38 4
+ 6 29 38 70 2 38 70 50 2 38 6 77 52
- 61 6 77 77 77 38 4 4 4 45 6 29 38
+ 70 50 50 2 38 6 52 81 4 45 6 38 4
- 60 5 46 77 77 60 3 29 38 6 38 4 45
+ 70 50 2 38 70 2 38 70 50 2 38 70 91
- 6 38 95 70 75 16 22 60 50 2 38 70 16
+ 70 16 22 6 77 38 45 6 77 29 38 70 91
+ 70 2 38 6 29 38 6 77 52 81 45 70 16
+ 6 29 38 70 16 22 6 38 4 45 6 77 38
+ 70 16 22 6 38 45 6 52 81 4 45 6 38
- 70 88 50 16 70 2 38 70 2 5 38 6 14
- 25 6 86 62 45 61 16 9 76 22 47 70 91
- 70 50 16 22 6 38 45 70 16 70 2 83 70 91
+ 6 29 38 70 50 2 38 6 77 29 38 6 29 38
+ 6 29 38 6 38 45 6 77 52 81 4 45 6 52
- 6 77 77 77 77 29 38 70 50 2 33 70 50 85
- 6 51 52 81 77 4 4 45 6 52 81 4 45 6
- 70 2 43 70 2 38 6 29 70 16 22 70 16 22
- 6 38 4 45 6 20 52 51 45 81 52 25 81 45
- 6 77 29 38 70 2 38 6 77 77 29 20 70 16
+ 70 2 38 6 77 52 81 45 6 38 45 70 50 91
- 6 52 81 45 70 50 50 22 50 2 38 6 77 38
+ 70 2 38 70 16 22 70 2 38 6 29 38 70 16
- 70 2 38 70 2 38 27 6 77 38 45 6 38 4
+ 6 52 81 4 45 70 16 22 6 52 81 45 6 29 38
+ 70 16 22 70 2 38 6 77 77 77 52 81 4 4 4
- 6 77 38 45 56 2 53 38 70 50 16 22 6 77 52
- 6 6 29 38 6 29 38 70 2 38 70 2 38 70 91
- 6 52 81 45 70 16 22 6 52 81 4 45 70 97 91
- 6 77 52 81 45 6 29 38 6 73 38 45 6 52 81
+ 70 50 50 2 38 70 50 50 2 38 70 16 22 70 2 38
- 6 89 77 52 81 45 6 77 38 4 45 70 2 38 70 91
+ 70 50 16 22 70 2 38 70 50 16 22 70 16 22 70 16
- 6 29 38 6 52 81 10 4 45 6 26 29 38 70 87 38
+ 6 77 52 81 4 4 45 70 2 38 70 2 38 6 77 77 38
- 6 77 52 81 45 6 38 46 45 6 38 4 6 52 81 4 45
- 38 45 29 38 6 29 38 70 55 70 50 50 50 16 22 70 91
+ 70 2 38 6 29 38 6 29 38 6 38 45 70 16 22 70 91
- 6 2 69 74 70 2 38 30 38 4 45 6 77 29 6 38 6
+ 6 77 29 38 6 77 77 29 38 70 2 38 6 29 38 6 38
+ 6 38 4 45 6 52 81 4 4 4 45 70 2 38 6 29 38
- 70 2 6 77 52 81 45 70 16 22 70 16 22 70 22 2 38
- 6 38 4 4 4 4 4 4 4 4 63 45 6 38 4 67 4 4
- 33 6 38 23 10 45 70 16 22 18 59 70 16 22 70 2 55 38
+ 6 52 81 4 45 6 29 38 6 29 38 6 77 52 81 45 70 91
- 70 2 38 6 52 81 4 4 4 45 35 70 2 38 6 38 4 4
+ 6 77 29 38 6 29 38 6 38 45 70 50 16 22 6 52 81 4
- 6 52 81 4 4 45 69 29 93 38 16 22 70 16 22 70 2 38
+ 6 29 38 70 50 50 50 16 22 70 50 16 22 6 38 45 70 91
- 6 81 4 45 70 50 50 2 70 45 50 16 22 70 2 38 70 50 91
- 70 50 60 50 50 50 16 22 6 29 38 70 88 38 6 52 81 4 4 45
+ 70 2 38 70 2 38 6 29 38 6 29 38 6 77 29 38 70 50 50 91
+ 6 38 4 4 4 45 70 50 16 22 6 52 81 4 45 6 52 81 4 45
+ 6 52 81 4 4 4 4 4 45 70 16 22 6 52 81 4 45 6 38 4
- 6 36 77 52 81 45 6 29 38 77 29 38 6 77 93 29 38 70 35 91
- 70 2 38 70 50 16 22 70 2 38 6 29 38 10 6 52 81 45 70 2 38
- 6 77 29 38 6 29 8 6 29 38 55 38 4 4 4 4 4 4 45 70 16
- 6 38 45 70 47 22 6 29 38 70 2 38 6 77 52 81 45 70 2 38 6
+ 70 50 50 16 22 6 77 77 52 81 45 70 2 38 6 38 4 45 70 50 91
+ 6 77 29 38 6 29 38 70 50 16 22 6 38 45 6 29 38 6 38 4 4 4
- 70 2 38 70 16 22 70 50 50 50 16 22 38 50 16 71 70 16 22 70 50 91
+ 70 16 22 6 77 29 38 6 29 38 70 50 50 50 2 38 6 38 4 45 6 29 38
- 70 50 16 22 6 52 81 4 45 6 29 38 70 16 22 6 77 38 94 22 45 6 52 81 4
- 6 25 52 81 4 45 6 77 38 46 4 45 70 61 50 29 2 38 6 52 6 29 38 6 52 81 45
- 70 16 22 98 70 16 22 70 38 70 16 22 6 29 38 6 29 91 70 2 38 6 52 81 45 73 6 52 81 4 45 70 91
