+
+
+
+
+
+
+
+
+
+
+
+
+
+
+
+
+
+
+
+
+
+
+
+
- 69
- 16
+ 6
- 93
- 30
- 78
- 14
+ 6
+ 6
+ 6
+ 6
- 76
- 22
- 16 22
+ 70 91
+ 70 91
- 30 16
- 4 24
+ 70 91
+ 6 52
+ 70 91
- 49 69
+ 70 91
+ 70 91
+ 6 38
+ 6 77
+ 70 91
- 48 91
+ 6 77
- 48 91
+ 70 91
- 29 29
+ 70 91
- 24 18
+ 6 52
- 9 6
+ 6 52
+ 70 91
+ 70 91
- 39 72
+ 70 91
- 69 81
+ 70 91
- 52 81
+ 70 16
+ 70 91
+ 70 91
+ 70 91
+ 70 91
+ 6 38
- 51 8
+ 70 91
- 6 91
+ 70 91
+ 70 91
- 49 91
- 34 90
- 66 54
+ 6 38
+ 70 91
- 70 40
+ 70 91
+ 70 16
- 70 27 91
+ 70 2 38
- 6 38 62
+ 6 77 52
+ 70 50 91
- 73 70 58
+ 70 50 91
+ 70 50 91
- 70 49 38
+ 6 52 81
+ 70 50 16
+ 6 77 38
+ 6 29 38
- 36 6 38
- 50 78 77
- 35 37 6
+ 6 29 38
+ 6 38 4
- 53 93 52
+ 70 2 38
- 87 26 69
- 40 38 4
- 89 54 70
- 6 61 72
- 70 66 2
- 93 6 4
- 6 33 38
+ 70 50 91
- 70 60 50
+ 6 77 52
- 50 50 47
- 6 77 77 40
+ 6 77 77 38
+ 70 50 2 38
- 77 38 99 4
+ 6 38 4 45
- 95 42 50 2
- 6 38 45 16
- 77 29 79 91
+ 70 50 50 91
- 70 50 90 16
+ 6 52 81 45
- 99 50 2 38
+ 70 50 16 22
- 70 87 55 91
- 17 70 11 91
+ 6 29 38 6
+ 6 77 38 45 6
- 70 78 16 22 61
- 4 2 83 6 38
- 70 21 50 18 16
- 14 94 3 29 38
- 10 60 70 33 36
+ 6 38 45 70 91
- 6 77 29 17 38
+ 70 16 22 70 91
+ 70 2 38 6 38
+ 6 29 38 70 91
+ 6 38 4 45 6
+ 70 2 38 70 91
- 52 65 65 29 38
- 70 2 80 70 16
+ 70 50 16 22 6
- 6 52 52 4 45
- 13 53 93 17 6
- 49 6 45 87 30
+ 6 38 45 70 91
- 70 38 70 50 91
+ 70 16 22 6 38
+ 6 29 38 6 52
- 70 50 50 70 91
- 34 90 38 70 7 91
- 70 50 41 79 89 50
+ 70 50 2 38 70 91
- 70 50 2 38 13 91
- 6 81 4 45 70 16
+ 6 38 45 6 29 38
+ 70 16 22 6 52 81
- 6 29 38 70 96 91
- 70 50 2 50 2 38
+ 6 38 4 45 70 91
+ 70 2 38 70 2 38
- 37 70 2 38 70 91
- 26 97 74 61 25 4
- 70 10 50 2 38 89
- 38 23 52 81 4 4
+ 70 50 16 22 70 16
- 70 2 38 34 29 38
+ 70 2 38 6 52 81
- 48 68 2 38 55 59
+ 70 2 38 70 50 91
- 6 59 52 81 45 91
+ 70 2 38 70 2 38 6
- 70 2 38 46 70 2 38
- 6 86 81 67 6 29 38
- 70 2 91 77 29 38 6
+ 6 38 4 45 6 38 45
+ 6 52 81 4 45 70 91
- 35 29 38 58 70 2 41
- 70 52 16 22 29 38 6
- 71 6 29 38 64 68 91
+ 6 77 38 45 6 29 38
- 6 84 38 25 93 45 99
- 6 81 53 45 45 6 77 52
- 74 6 77 52 79 74 88 84
- 18 77 44 29 70 50 82 91
+ 6 29 38 70 2 38 70 91
- 70 2 70 58 6 52 4 45
- 70 54 50 2 55 38 6 38
- 70 17 50 16 22 2 6 52
- 6 29 79 6 29 38 70 91
- 6 29 38 81 98 52 81 4
- 70 38 6 38 4 4 45 70
- 6 44 38 4 25 4 41 13
+ 6 52 81 45 6 77 29 38
- 89 6 38 4 4 45 6 52
- 4 6 52 81 4 4 4 21 45
- 70 16 37 6 29 38 70 2 38
- 70 2 6 77 58 81 45 70 91
- 70 50 16 22 6 99 4 12 45
+ 6 77 29 38 6 52 81 4 4
- 70 16 22 6 43 29 6 81 45
+ 70 16 22 6 77 77 38 4 45
+ 70 16 22 70 16 22 6 77 52
- 70 16 22 6 65 55 77 29 38
+ 70 2 38 6 38 45 70 50 50 91
- 70 2 38 6 36 29 38 70 48 91
- 70 50 2 38 6 77 45 38 6 77
+ 6 52 81 45 70 2 38 70 16 22
- 6 52 1 81 70 50 2 38 70 91
- 70 2 38 2 47 50 2 38 70 91
- 3 2 38 6 29 38 70 2 12 38
- 70 22 6 96 38 6 52 81 4 17
- 70 50 2 38 6 59 66 96 52 81 45
- 70 2 38 6 29 63 38 70 50 50 91
+ 6 38 45 6 77 52 81 4 45 70 2 38
+ 70 16 22 6 77 77 29 38 70 50 2 38
+ 70 50 2 38 70 2 38 70 2 38 70 91
- 70 36 49 2 31 70 2 38 70 2 38 6
- 70 50 16 70 2 38 70 2 38 6 38 4
+ 70 16 22 70 50 2 38 70 50 50 16 22
- 6 38 95 70 75 16 22 60 50 2 38 70 16
+ 70 2 38 70 16 22 70 16 22 6 77 38 4
+ 70 50 50 2 38 6 52 81 4 45 6 38 4
- 70 88 50 16 70 2 38 70 2 5 38 6 14
+ 70 16 22 6 38 45 6 52 81 4 45 6 38
- 6 77 29 38 70 2 38 6 77 77 29 20 70 16
- 6 77 77 77 77 29 38 70 50 2 33 70 50 85
- 70 2 43 70 2 38 6 29 70 16 22 70 16 22
- 6 52 81 45 70 50 50 22 50 2 38 6 77 38
+ 6 29 38 6 38 45 6 77 52 81 4 45 6 52
+ 6 29 38 70 50 2 38 6 77 29 38 6 29 38
- 6 51 52 81 77 4 4 45 6 52 81 4 45 6
+ 70 16 22 70 2 38 6 77 77 77 52 81 4 4 4
- 6 52 81 45 70 16 22 6 52 81 4 45 70 97 91
+ 70 50 50 2 38 70 50 50 2 38 70 16 22 70 2 38
- 6 29 38 6 52 81 10 4 45 6 26 29 38 70 87 38
+ 70 2 38 6 29 38 6 29 38 6 38 45 70 16 22 70 91
- 70 2 38 6 52 81 4 4 4 45 35 70 2 38 6 38 4 4
- 6 81 4 45 70 50 50 2 70 45 50 16 22 70 2 38 70 50 91
- 70 2 38 70 50 16 22 70 2 38 6 29 38 10 6 52 81 45 70 2 38
- 6 77 29 38 6 29 8 6 29 38 55 38 4 4 4 4 4 4 45 70 16
+ 70 50 50 16 22 6 77 77 52 81 45 70 2 38 6 38 4 45 70 50 91
