+
+
+
+
+
+
+
+
+
+
+
+
+
+
+
+
+
+
+
+
+
+
+
+
+
+
+
+
+
+
+
+
+
+
+
+
+
+
+
+
+
+
+
+
+
+
+
+
+
+
- 78
- 70
+ 6
+ 6
- 52
+ 6
- 91
+ 6
+ 6
+ 6
+ 6
- 69
- 44
- 14
- 93
- 16
- 30
+ 6
- 22
- 8
+ 6
- 98
+ 6
- 76
+ 6
+ 6 52
- 70 38
+ 70 91
+ 6 77
- 9 6
- 69 81
+ 70 91
- 70 87
+ 6 38
+ 70 91
- 70 40
+ 70 91
- 34 90
- 90 16
- 49 91
- 31 18
- 0 65
- 48 91
+ 6 77
+ 70 91
+ 70 91
+ 6 52
- 73 52
+ 6 38
- 29 29
+ 70 91
- 49 69
+ 6 52
- 4 24
+ 70 91
+ 70 91
+ 70 91
- 6 17
+ 70 91
+ 70 91
+ 6 52
- 34 81
- 99 90
+ 70 91
+ 70 16
+ 70 91
- 98 31
- 52 81
- 39 72
+ 70 91
+ 70 91
- 30 16
+ 70 91
+ 70 91
+ 70 91
- 70 24
+ 70 91
- 65 77
+ 70 91
- 42 52
+ 70 91
+ 6 77
+ 70 16
- 16 22
- 24 18
+ 6 38
- 70 32
- 67 21
+ 70 91
- 6 37
+ 70 16
+ 70 91
+ 70 91
+ 70 91
- 92 46
+ 70 91
+ 70 91
- 7 91
- 9 91
+ 6 38
- 51 8
- 31 38
+ 70 91
+ 6 52
+ 70 91
- 26 4
- 6 91
+ 6 52
+ 70 91
+ 70 91
- 6 45
+ 70 91
+ 6 38
+ 70 91
+ 6 52
+ 70 91
+ 70 16
- 48 91
- 66 54
- 53 6
+ 70 91
+ 70 91
+ 6 52 81
- 89 54 70
+ 6 52 81
- 7 2 84
+ 70 50 91
- 11 30 37
+ 6 29 38
- 29 38 38
- 70 18 91
+ 70 50 16
- 38 88 91
+ 70 50 91
- 6 38 62
- 73 70 58
- 49 70 93
- 38 93 90
+ 6 77 38
+ 70 50 91
+ 70 2 38
- 66 70 91
+ 6 77 52
- 64 70 91
- 6 33 38
- 38 47 50
+ 6 52 81
+ 6 38 4
- 50 78 77
+ 70 16 22
+ 6 77 52
- 97 92 6
+ 6 29 38
+ 70 50 91
+ 70 50 91
- 55 70 69
+ 6 52 81
+ 70 2 38
- 16 98 95
- 6 38 70
- 6 48 72
- 36 6 38
- 18 97 81
- 40 38 4
- 35 37 6
- 87 26 69
+ 70 50 91
- 70 61 16
- 68 85 6
+ 6 38 4
- 92 70 91
+ 6 38 45
+ 6 38 4
- 93 6 4
- 29 38 16
+ 70 50 91
- 70 60 50
- 6 77 55
+ 6 38 4
+ 70 2 38
- 70 50 94
- 70 27 91
- 6 85 38
- 98 12 87
- 70 66 2
- 34 70 88
+ 6 29 38
+ 6 29 38
- 70 77 91
- 53 93 52
+ 70 50 16
- 50 50 47
+ 6 29 38
+ 70 2 38
- 6 61 72
- 88 47 82
- 70 49 38
- 6 52 99 81
- 95 42 50 2
+ 6 77 77 38
+ 70 50 50 91
+ 6 38 4 45
- 92 51 70 91
- 41 60 67 6
- 24 13 15 38
- 99 50 2 38
- 17 70 11 91
- 6 77 77 70
- 6 40 29 52
- 70 64 47 91
- 77 29 79 91
- 6 13 21 81
+ 70 50 2 38
+ 70 2 38 6
- 85 52 16 38
- 90 38 4 4
+ 70 50 16 22
- 6 85 29 38
- 40 31 38 6
+ 6 52 81 45
- 33 70 78 91
- 77 38 99 4
+ 6 52 81 4
- 79 6 29 38
- 6 77 77 40
- 2 70 70 6
- 6 38 45 16
- 6 95 6 4
- 70 50 59 90
- 17 6 97 81
- 70 87 55 91
+ 6 29 38 6
- 70 50 90 16
- 70 30 50 91
+ 6 29 38 6 52
- 6 1 97 38 45
+ 70 50 16 22 6
+ 70 50 50 50 91
- 6 77 29 17 38
- 70 50 50 70 91
- 70 21 50 18 16
- 70 38 70 50 91
+ 70 16 22 6 38
- 6 25 45 4 45
+ 6 77 38 45 6
+ 6 29 38 6 38
+ 6 52 81 45 6
+ 70 50 16 22 6
+ 70 2 38 70 16
- 49 6 45 87 30
- 70 78 16 22 61
+ 6 52 81 4 45
- 45 70 50 16 22
- 64 91 6 77 52
- 6 24 38 4 73
+ 6 52 81 4 4
+ 6 38 45 6 52
+ 70 2 38 6 38
- 13 53 93 17 6
+ 6 29 38 70 91
- 10 60 70 33 36
+ 6 38 4 45 6
+ 6 38 45 70 91
- 6 52 52 4 45
- 52 65 65 29 38
+ 6 38 45 70 91
- 61 44 29 38 6
+ 70 2 38 70 91
+ 70 16 22 70 91
- 14 94 3 29 38
+ 6 29 38 70 91
- 80 16 22 1 91
- 4 2 83 6 38
+ 70 2 38 70 91
+ 70 2 38 6 52
- 70 2 80 70 16
+ 6 38 45 70 91
- 6 77 77 29 38 38
+ 6 29 38 70 2 38
- 70 50 2 38 13 91
+ 6 38 4 45 70 91
- 70 50 41 79 89 50
+ 6 77 38 45 70 91
- 6 52 81 4 4 74
- 6 59 52 81 45 91
- 70 10 50 2 38 89
+ 70 2 38 70 2 38
+ 6 38 45 6 29 38
- 6 52 69 45 70 91
+ 70 2 38 70 2 38
+ 6 29 38 70 50 91
+ 70 2 38 70 50 91
- 6 29 38 70 96 91
+ 6 38 4 4 45 6
+ 70 50 2 38 70 91
- 26 97 74 61 25 4
- 37 70 2 38 70 91
+ 70 2 38 70 2 38
+ 70 2 38 6 38 4
- 6 26 38 53 70 16
- 68 2 70 2 38 77
+ 70 50 2 38 6 38
+ 70 50 16 22 6 52
+ 6 77 77 77 29 38
+ 70 2 38 6 52 81
- 48 68 2 38 55 59
- 34 90 38 70 7 91
- 38 23 52 81 4 4
- 70 2 38 34 29 38
- 70 16 22 70 82 94
- 6 81 4 45 70 16
+ 70 16 22 6 52 81
+ 70 50 16 22 70 16
- 70 50 2 50 2 38
- 38 45 30 6 52 81
- 78 70 2 38 1 38 52
- 6 84 38 25 93 45 99
- 70 2 91 77 29 38 6
- 6 29 38 70 50 89 16
- 70 34 90 38 6 52 45
- 6 43 29 38 62 70 91
- 35 29 38 58 70 2 41
+ 70 2 38 70 50 2 38
- 6 86 81 67 6 29 38
+ 70 16 22 6 77 29 38
+ 70 16 22 6 52 81 45
- 70 52 16 22 29 38 6
- 71 6 29 38 64 68 91
- 70 28 70 16 22 53 81
+ 6 52 81 4 45 70 91
+ 70 16 22 6 77 38 45
- 2 38 6 38 4 6 52
+ 6 77 52 81 4 4 4
+ 6 77 38 45 6 29 38
+ 6 38 4 45 6 38 45
- 38 75 54 4 55 6 53
- 70 2 38 46 70 2 38
+ 70 2 38 70 2 38 6
- 82 38 45 6 1 6 52
- 16 2 38 6 38 45 70 91
- 74 6 77 52 79 74 88 84
+ 6 52 81 45 6 77 29 38
- 70 17 50 16 22 2 6 52
- 6 77 77 77 52 81 45 70
- 70 2 70 58 6 52 4 45
- 6 44 38 4 25 4 41 13
- 6 29 38 81 98 52 81 4
- 89 6 38 4 4 45 6 52
+ 70 50 50 2 38 70 50 91
+ 70 16 22 70 16 22 70 91
- 70 38 6 38 4 4 45 70
+ 6 29 38 70 2 38 70 91
- 18 77 44 29 70 50 82 91
- 6 81 53 45 45 6 77 52
+ 70 2 38 70 50 2 38 6
- 70 54 50 2 55 38 6 38
- 6 29 79 6 29 38 70 91
+ 6 29 38 70 16 22 70 16
+ 70 16 22 6 52 81 4 4
- 70 16 22 6 43 29 6 81 45
- 70 16 37 6 29 38 70 2 38
- 4 6 52 81 4 4 4 21 45
- 6 72 38 4 45 23 70 64 75
- 83 70 2 38 70 2 38 38 4
+ 70 16 22 6 77 77 38 4 45
+ 70 16 22 70 16 22 6 77 52
- 70 2 6 77 58 81 45 70 91
+ 6 29 38 70 50 2 38 70 91
- 70 50 16 22 6 99 4 12 45
- 70 2 43 6 38 45 6 74 45
- 10 4 18 29 38 94 52 81 45
- 70 16 22 70 50 35 60 70 91
+ 6 77 29 38 6 52 81 4 4
- 6 77 77 52 3 45 6 77 52
- 6 29 38 45 29 38 70 2 38
- 70 16 22 6 65 55 77 29 38
+ 70 16 22 6 38 4 4 4 4
- 70 50 2 38 6 77 45 38 6 77
- 6 52 1 81 70 50 2 38 70 91
- 3 2 38 6 29 38 70 2 12 38
+ 6 52 81 45 70 2 38 70 16 22
+ 6 29 38 6 52 81 4 45 70 16
+ 70 2 38 6 38 45 70 50 50 91
+ 70 2 38 6 77 77 29 38 6 38
- 70 22 6 96 38 6 52 81 4 17
+ 6 77 77 38 45 70 2 38 70 91
- 63 38 45 6 77 77 96 36 58 45
- 70 2 38 6 36 29 38 70 48 91
- 70 2 38 2 47 50 2 38 70 91
+ 70 2 38 70 50 50 2 38 6 52
- 70 36 38 45 29 38 70 16 22 70 91
- 70 2 38 6 29 63 38 70 50 50 91
- 70 2 13 94 38 6 16 29 38 70 91
- 70 50 2 38 6 59 66 96 52 81 45
+ 6 29 38 70 50 2 38 70 50 2 38
- 6 38 6 29 6 77 29 38 66 70 2
- 6 52 81 4 4 45 70 2 57 2 38
+ 6 38 45 6 77 52 81 4 45 70 2 38
- 70 36 49 2 31 70 2 38 70 2 38 6
- 6 29 67 70 64 38 70 16 70 2 38 70
- 95 77 29 98 6 38 45 6 38 4 4 4
+ 70 2 38 6 38 45 70 16 22 6 38 45
+ 6 52 81 45 6 77 77 29 38 6 29 38
+ 70 16 22 70 50 2 38 70 50 50 16 22
- 70 66 55 50 95 50 50 2 46 6 38 4
+ 70 16 22 6 77 77 29 38 70 50 2 38
- 70 50 16 70 2 38 70 2 38 6 38 4
- 70 18 38 6 29 38 70 6 2 38 6 14
+ 70 50 2 38 70 2 38 70 2 38 70 91
+ 70 2 38 70 16 22 70 16 22 6 77 38 4
- 70 88 50 16 70 2 38 70 2 5 38 6 14
- 6 38 95 70 75 16 22 60 50 2 38 70 16
- 61 6 77 77 77 38 4 4 4 45 6 29 38
+ 70 2 38 6 29 38 6 77 52 81 45 70 16
- 25 6 86 62 45 61 16 9 76 22 47 70 91
+ 70 50 50 2 38 6 52 81 4 45 6 38 4
+ 70 16 22 6 38 45 6 52 81 4 45 6 38
- 6 77 77 77 77 29 38 70 50 2 33 70 50 85
+ 6 29 38 6 38 45 6 77 52 81 4 45 6 52
- 70 2 43 70 2 38 6 29 70 16 22 70 16 22
- 6 51 52 81 77 4 4 45 6 52 81 4 45 6
+ 6 29 38 70 50 2 38 6 77 29 38 6 29 38
- 6 52 81 45 70 50 50 22 50 2 38 6 77 38
- 70 2 38 70 2 38 27 6 77 38 45 6 38 4
+ 70 2 38 6 77 52 81 45 6 38 45 70 50 91
- 6 77 29 38 70 2 38 6 77 77 29 20 70 16
- 6 77 52 81 45 6 29 38 6 73 38 45 6 52 81
- 6 52 81 45 70 16 22 6 52 81 4 45 70 97 91
+ 6 52 81 4 45 70 16 22 6 52 81 45 6 29 38
+ 70 16 22 70 2 38 6 77 77 77 52 81 4 4 4
- 6 6 29 38 6 29 38 70 2 38 70 2 38 70 91
+ 70 50 50 2 38 70 50 50 2 38 70 16 22 70 2 38
- 6 89 77 52 81 45 6 77 38 4 45 70 2 38 70 91
+ 70 50 16 22 70 2 38 70 50 16 22 70 16 22 70 16
- 6 29 38 6 52 81 10 4 45 6 26 29 38 70 87 38
- 38 45 29 38 6 29 38 70 55 70 50 50 50 16 22 70 91
+ 6 77 29 38 6 77 77 29 38 70 2 38 6 29 38 6 38
- 6 77 52 81 45 6 38 46 45 6 38 4 6 52 81 4 45
+ 70 2 38 6 29 38 6 29 38 6 38 45 70 16 22 70 91
+ 6 77 29 38 6 29 38 6 38 45 70 50 16 22 6 52 81 4
- 70 2 38 6 52 81 4 4 4 45 35 70 2 38 6 38 4 4
+ 6 29 38 70 50 50 50 16 22 70 50 16 22 6 38 45 70 91
- 6 38 4 4 4 4 4 4 4 4 63 45 6 38 4 67 4 4
- 6 81 4 45 70 50 50 2 70 45 50 16 22 70 2 38 70 50 91
+ 6 52 81 4 4 4 4 4 45 70 16 22 6 52 81 4 45 6 38 4
- 70 2 38 70 50 16 22 70 2 38 6 29 38 10 6 52 81 45 70 2 38
+ 70 50 50 16 22 6 77 77 52 81 45 70 2 38 6 38 4 45 70 50 91
- 6 77 29 38 6 29 8 6 29 38 55 38 4 4 4 4 4 4 45 70 16
+ 70 16 22 6 77 29 38 6 29 38 70 50 50 50 2 38 6 38 4 45 6 29 38
- 6 25 52 81 4 45 6 77 38 46 4 45 70 61 50 29 2 38 6 52 6 29 38 6 52 81 45
